
0. Best individuals (reward): [0.97528686 0.96807034 0.96807034 0.95587714 0.95505604 0.94348558
 0.94348558 0.93177146 0.93177146 0.92485033 0.92387953 0.92387953
 0.92108639 0.92057126 0.9189336  0.91529241 0.91506362 0.91477754
 0.91477754 0.91477754 0.9139188  0.9139188  0.91229732 0.91225794
 0.91059406 0.90523719 0.90500585 0.90048638 0.88478399 0.88442894
 0.88289847 0.87473713 0.87443963 0.8741385  0.8741385  0.8741385
 0.87300174 0.86948958 0.86948958 0.86948958]
0. Best individuals (target): [0.86948958 0.86948958 0.86948958 0.87300174 0.8741385  0.8741385
 0.8741385  0.87443963 0.87473713 0.88289847 0.88442894 0.88478399
 0.90048638 0.90500585 0.90523719 0.91059406 0.91225794 0.91229732
 0.9139188  0.9139188  0.91477754 0.91477754 0.91477754 0.91506362
 0.91529241 0.9189336  0.92057126 0.92108639 0.92387953 0.92387953
 0.92485033 0.93177146 0.93177146 0.94348558 0.94348558 0.95505604
 0.95587714 0.96807034 0.96807034 0.97528686]Mean reward: 0.8761394042310897
Sessgen: 1.7930924892425537, other: 0.0, select1: 0.000957489013671875, select2: 0.0010361671447753906, select3: 0.0, fit: 0.5129709243774414, score: 0.0

1. Best individuals (reward): [0.97528686 0.97215355 0.97215355 0.96807034 0.96807034 0.96738813
 0.96580993 0.95948054 0.95587714 0.95505604 0.95313738 0.94993101
 0.94348558 0.94348558 0.94348558 0.93569246 0.93465339 0.93465339
 0.93373402 0.93177146 0.93177146 0.93130428 0.92783389 0.92485033
 0.92387953 0.92387953 0.92387953 0.92387953 0.92387953 0.92189599
 0.92189599 0.92108639 0.92057126 0.92057126 0.9189336  0.91868944
 0.91591961 0.91529241 0.91529241 0.91506362 0.91506362 0.91477754]
1. Best individuals (target): [0.91477754 0.91506362 0.91506362 0.91529241 0.91529241 0.91591961
 0.91868944 0.9189336  0.92057126 0.92057126 0.92108639 0.92189599
 0.92189599 0.92387953 0.92387953 0.92387953 0.92387953 0.92387953
 0.92485033 0.92783389 0.93130428 0.93177146 0.93177146 0.93373402
 0.93465339 0.93465339 0.93569246 0.94348558 0.94348558 0.94348558
 0.94993101 0.95313738 0.95505604 0.95587714 0.95948054 0.96580993
 0.96738813 0.96807034 0.96807034 0.97215355 0.97215355 0.97528686]Mean reward: 0.9080382542016691
Sessgen: 1.5972118377685547, other: 0.0009920597076416016, select1: 0.0010004043579101562, select2: 0.0010058879852294922, select3: 0.0, fit: 0.08199405670166016, score: 0.0009992122650146484

2. Best individuals (reward): [0.97528686 0.97215355 0.97215355 0.96807034 0.96807034 0.96807034
 0.96738813 0.96580993 0.96129319 0.96110651 0.95948054 0.95587714
 0.95505604 0.95313738 0.95313738 0.94993101 0.94348558 0.94348558
 0.94348558 0.94348558 0.94348558 0.9395971  0.93699582 0.93569246
 0.93569246 0.93465339 0.93465339 0.93373402 0.93177146 0.93177146
 0.93130428 0.93130428 0.930447   0.92783389 0.92501202 0.92485033
 0.92455919 0.92387953 0.92387953 0.92387953]
2. Best individuals (target): [0.92387953 0.92387953 0.92387953 0.92455919 0.92485033 0.92501202
 0.92783389 0.930447   0.93130428 0.93130428 0.93177146 0.93177146
 0.93373402 0.93465339 0.93465339 0.93569246 0.93569246 0.93699582
 0.9395971  0.94348558 0.94348558 0.94348558 0.94348558 0.94348558
 0.94993101 0.95313738 0.95313738 0.95505604 0.95587714 0.95948054
 0.96110651 0.96129319 0.96580993 0.96738813 0.96807034 0.96807034
 0.96807034 0.97215355 0.97215355 0.97528686]Mean reward: 0.9195558272999946
Sessgen: 3.073712110519409, other: 0.0010013580322265625, select1: 0.001997232437133789, select2: 0.0010013580322265625, select3: 0.0, fit: 0.14400029182434082, score: 0.0

3. Best individuals (reward): [0.97617889 0.97528686 0.97215355 0.97215355 0.96807034 0.96807034
 0.96807034 0.96738813 0.96580993 0.96129319 0.96110651 0.95948054
 0.95630617 0.95587714 0.95587714 0.95505604 0.95313738 0.95313738
 0.94993101 0.94993101 0.94669481 0.94348558 0.94348558 0.94348558
 0.94348558 0.94348558 0.94281956 0.9395971  0.93699582 0.93569246
 0.93569246 0.93465339 0.93465339 0.93373402 0.93373402 0.93373402
 0.93177146 0.93177146 0.93130428 0.93130428 0.93046079 0.930447  ]
3. Best individuals (target): [0.930447   0.93046079 0.93130428 0.93130428 0.93177146 0.93177146
 0.93373402 0.93373402 0.93373402 0.93465339 0.93465339 0.93569246
 0.93569246 0.93699582 0.9395971  0.94281956 0.94348558 0.94348558
 0.94348558 0.94348558 0.94348558 0.94669481 0.94993101 0.94993101
 0.95313738 0.95313738 0.95505604 0.95587714 0.95587714 0.95630617
 0.95948054 0.96110651 0.96129319 0.96580993 0.96738813 0.96807034
 0.96807034 0.96807034 0.97215355 0.97215355 0.97528686 0.97617889]Mean reward: 0.9162998890671781
Sessgen: 2.2349390983581543, other: 0.0, select1: 0.0019981861114501953, select2: 0.0010004043579101562, select3: 0.0, fit: 0.08301472663879395, score: 0.0009868144989013672

4. Best individuals (reward): [0.97617889 0.97617889 0.97528686 0.97349763 0.97215355 0.97215355
 0.96807034 0.96807034 0.96807034 0.96738813 0.96738813 0.96580993
 0.96138653 0.96129319 0.96110651 0.95948054 0.95948054 0.95630617
 0.95587714 0.95587714 0.95505604 0.95505604 0.95450824 0.95450824
 0.95313738 0.95313738 0.94993101 0.94993101 0.94669481 0.94487045
 0.94348558 0.94348558 0.94348558 0.94348558 0.94348558 0.94281956
 0.9395971  0.93699582 0.93569246 0.93569246 0.93569246 0.93536634]
4. Best individuals (target): [0.93536634 0.93569246 0.93569246 0.93569246 0.93699582 0.9395971
 0.94281956 0.94348558 0.94348558 0.94348558 0.94348558 0.94348558
 0.94487045 0.94669481 0.94993101 0.94993101 0.95313738 0.95313738
 0.95450824 0.95450824 0.95505604 0.95505604 0.95587714 0.95587714
 0.95630617 0.95948054 0.95948054 0.96110651 0.96129319 0.96138653
 0.96580993 0.96738813 0.96738813 0.96807034 0.96807034 0.96807034
 0.97215355 0.97215355 0.97349763 0.97528686 0.97617889 0.97617889]Mean reward: 0.9278012596411798
Sessgen: 1.6844608783721924, other: 0.0, select1: 0.0010004043579101562, select2: 0.0010347366333007812, select3: 0.0, fit: 0.06998133659362793, score: 0.0

5. Best individuals (reward): [0.97617889 0.97617889 0.97528686 0.97349763 0.97215355 0.97215355
 0.97215355 0.96807034 0.96807034 0.96807034 0.96807034 0.96738813
 0.96738813 0.96580993 0.96269242 0.96214852 0.96160431 0.96138653
 0.96129319 0.96110651 0.95948054 0.95948054 0.95630617 0.95587714
 0.95587714 0.95587714 0.95505604 0.95505604 0.95450824 0.95450824
 0.95450824 0.95313738 0.95313738 0.94993101 0.94993101 0.94993101
 0.94671378 0.94671378 0.94669481 0.94487045 0.94487045]
5. Best individuals (target): [0.94487045 0.94487045 0.94669481 0.94671378 0.94671378 0.94993101
 0.94993101 0.94993101 0.95313738 0.95313738 0.95450824 0.95450824
 0.95450824 0.95505604 0.95505604 0.95587714 0.95587714 0.95587714
 0.95630617 0.95948054 0.95948054 0.96110651 0.96129319 0.96138653
 0.96160431 0.96214852 0.96269242 0.96580993 0.96738813 0.96738813
 0.96807034 0.96807034 0.96807034 0.96807034 0.97215355 0.97215355
 0.97215355 0.97349763 0.97528686 0.97617889 0.97617889]Mean reward: 0.9294430383085472
Sessgen: 1.5571658611297607, other: 0.0, select1: 0.0010037422180175781, select2: 0.0010387897491455078, select3: 0.0, fit: 0.0759592056274414, score: 0.0

6. Best individuals (reward): [0.97960166 0.97617889 0.97617889 0.97528686 0.97349763 0.97215355
 0.97215355 0.97215355 0.96807034 0.96807034 0.96807034 0.96807034
 0.96738813 0.96738813 0.96580993 0.96269242 0.96214852 0.96160431
 0.96138653 0.96129319 0.96110651 0.95948054 0.95948054 0.95630617
 0.95587714 0.95587714 0.95587714 0.95505604 0.95505604 0.95450824
 0.95450824 0.95450824 0.95313738 0.95313738 0.94993101 0.94993101
 0.94993101 0.94993101 0.94671378 0.94671378 0.94669481]
6. Best individuals (target): [0.94669481 0.94671378 0.94671378 0.94993101 0.94993101 0.94993101
 0.94993101 0.95313738 0.95313738 0.95450824 0.95450824 0.95450824
 0.95505604 0.95505604 0.95587714 0.95587714 0.95587714 0.95630617
 0.95948054 0.95948054 0.96110651 0.96129319 0.96138653 0.96160431
 0.96214852 0.96269242 0.96580993 0.96738813 0.96738813 0.96807034
 0.96807034 0.96807034 0.96807034 0.97215355 0.97215355 0.97215355
 0.97349763 0.97528686 0.97617889 0.97617889 0.97960166]Mean reward: 0.9212082325488821
Sessgen: 1.5080351829528809, other: 0.0, select1: 0.0010037422180175781, select2: 0.0009877681732177734, select3: 0.0, fit: 0.07097005844116211, score: 0.0

7. Best individuals (reward): [0.97960166 0.97617889 0.97617889 0.97528686 0.97349763 0.97215355
 0.97215355 0.97215355 0.96807034 0.96807034 0.96807034 0.96807034
 0.96807034 0.96738813 0.96738813 0.96580993 0.96580993 0.96269242
 0.96214852 0.96160431 0.96160431 0.96138653 0.96129319 0.96110651
 0.95948054 0.95948054 0.95630617 0.95587714 0.95587714 0.95587714
 0.95505604 0.95505604 0.95450824 0.95450824 0.95450824 0.95450824
 0.95313738 0.95313738 0.94993101 0.94993101 0.94993101 0.94993101]
7. Best individuals (target): [0.94993101 0.94993101 0.94993101 0.94993101 0.95313738 0.95313738
 0.95450824 0.95450824 0.95450824 0.95450824 0.95505604 0.95505604
 0.95587714 0.95587714 0.95587714 0.95630617 0.95948054 0.95948054
 0.96110651 0.96129319 0.96138653 0.96160431 0.96160431 0.96214852
 0.96269242 0.96580993 0.96580993 0.96738813 0.96738813 0.96807034
 0.96807034 0.96807034 0.96807034 0.96807034 0.97215355 0.97215355
 0.97215355 0.97349763 0.97528686 0.97617889 0.97617889 0.97960166]Mean reward: 0.9339270636369521
Sessgen: 1.6148018836975098, other: 0.0010001659393310547, select1: 0.0009989738464355469, select2: 0.0009996891021728516, select3: 0.0, fit: 0.08053708076477051, score: 0.0

8. Best individuals (reward): [0.97960166 0.97617889 0.97617889 0.97568106 0.97528686 0.97349763
 0.97215355 0.97215355 0.97215355 0.97053683 0.96807034 0.96807034
 0.96807034 0.96807034 0.96807034 0.96738813 0.96738813 0.96738813
 0.96580993 0.96580993 0.96269242 0.96214852 0.96160431 0.96160431
 0.96160431 0.96138653 0.96129319 0.96110651 0.95948054 0.95948054
 0.95856891 0.95630617 0.95587714 0.95587714 0.95587714 0.95505604
 0.95505604 0.95450824 0.95450824 0.95450824 0.95450824]
8. Best individuals (target): [0.95450824 0.95450824 0.95450824 0.95450824 0.95505604 0.95505604
 0.95587714 0.95587714 0.95587714 0.95630617 0.95856891 0.95948054
 0.95948054 0.96110651 0.96129319 0.96138653 0.96160431 0.96160431
 0.96160431 0.96214852 0.96269242 0.96580993 0.96580993 0.96738813
 0.96738813 0.96738813 0.96807034 0.96807034 0.96807034 0.96807034
 0.96807034 0.97053683 0.97215355 0.97215355 0.97215355 0.97349763
 0.97528686 0.97568106 0.97617889 0.97617889 0.97960166]Mean reward: 0.9300966333596361
Sessgen: 1.6439564228057861, other: 0.0009996891021728516, select1: 0.0009999275207519531, select2: 0.0009992122650146484, select3: 0.0, fit: 0.07300591468811035, score: 0.0

9. Best individuals (reward): [0.97960166 0.97960166 0.97617889 0.97617889 0.97617889 0.97568106
 0.97528686 0.97526055 0.97349763 0.97215355 0.97215355 0.97215355
 0.97053683 0.96807034 0.96807034 0.96807034 0.96807034 0.96807034
 0.96738813 0.96738813 0.96738813 0.96580993 0.96580993 0.96269242
 0.96214852 0.96160431 0.96160431 0.96160431 0.96160431 0.96138653
 0.96129319 0.96110651 0.96110651 0.95948054 0.95948054 0.95856891
 0.95630617 0.95587714 0.95587714 0.95587714 0.95505604 0.95505604]
9. Best individuals (target): [0.95505604 0.95505604 0.95587714 0.95587714 0.95587714 0.95630617
 0.95856891 0.95948054 0.95948054 0.96110651 0.96110651 0.96129319
 0.96138653 0.96160431 0.96160431 0.96160431 0.96160431 0.96214852
 0.96269242 0.96580993 0.96580993 0.96738813 0.96738813 0.96738813
 0.96807034 0.96807034 0.96807034 0.96807034 0.96807034 0.97053683
 0.97215355 0.97215355 0.97215355 0.97349763 0.97526055 0.97528686
 0.97568106 0.97617889 0.97617889 0.97617889 0.97960166 0.97960166]Mean reward: 0.9364206199241432
Sessgen: 1.728874683380127, other: 0.0, select1: 0.0020079612731933594, select2: 0.0, select3: 0.0009884834289550781, fit: 0.08898591995239258, score: 0.0

10. Best individuals (reward): [0.97960166 0.97960166 0.97617889 0.97617889 0.97617889 0.97568106
 0.97528686 0.97526055 0.97372147 0.97349763 0.97349763 0.97215355
 0.97215355 0.97215355 0.97053683 0.96897303 0.96807034 0.96807034
 0.96807034 0.96807034 0.96807034 0.96738813 0.96738813 0.96738813
 0.96738813 0.96738813 0.96580993 0.96580993 0.96269242 0.96214852
 0.96160431 0.96160431 0.96160431 0.96160431 0.96138653 0.96129319
 0.96110651 0.96110651 0.95948054 0.95948054 0.95856891 0.95630617]
10. Best individuals (target): [0.95630617 0.95856891 0.95948054 0.95948054 0.96110651 0.96110651
 0.96129319 0.96138653 0.96160431 0.96160431 0.96160431 0.96160431
 0.96214852 0.96269242 0.96580993 0.96580993 0.96738813 0.96738813
 0.96738813 0.96738813 0.96738813 0.96807034 0.96807034 0.96807034
 0.96807034 0.96807034 0.96897303 0.97053683 0.97215355 0.97215355
 0.97215355 0.97349763 0.97349763 0.97372147 0.97526055 0.97528686
 0.97568106 0.97617889 0.97617889 0.97617889 0.97960166 0.97960166]Mean reward: 0.934153798839629
Sessgen: 1.9700183868408203, other: 0.0, select1: 0.0020003318786621094, select2: 0.0, select3: 0.0009715557098388672, fit: 0.07799577713012695, score: 0.0

11. Best individuals (reward): [0.97960166 0.97960166 0.97617889 0.97617889 0.97617889 0.97568106
 0.97568106 0.97528686 0.97528686 0.97526055 0.97372147 0.97349763
 0.97349763 0.97215355 0.97215355 0.97215355 0.97053683 0.96897303
 0.96807034 0.96807034 0.96807034 0.96807034 0.96807034 0.96738813
 0.96738813 0.96738813 0.96738813 0.96738813 0.96738813 0.96580993
 0.96580993 0.96269242 0.96214852 0.96160431 0.96160431 0.96160431
 0.96160431 0.96160431 0.96160431 0.96160431 0.96138653 0.96138653]
11. Best individuals (target): [0.96138653 0.96138653 0.96160431 0.96160431 0.96160431 0.96160431
 0.96160431 0.96160431 0.96160431 0.96214852 0.96269242 0.96580993
 0.96580993 0.96738813 0.96738813 0.96738813 0.96738813 0.96738813
 0.96738813 0.96807034 0.96807034 0.96807034 0.96807034 0.96807034
 0.96897303 0.97053683 0.97215355 0.97215355 0.97215355 0.97349763
 0.97349763 0.97372147 0.97526055 0.97528686 0.97528686 0.97568106
 0.97568106 0.97617889 0.97617889 0.97617889 0.97960166 0.97960166]Mean reward: 0.938404184673751
Sessgen: 1.9230337142944336, other: 0.0, select1: 0.0010004043579101562, select2: 0.0009601116180419922, select3: 0.0, fit: 0.07000374794006348, score: 0.0009996891021728516

12. Best individuals (reward): [0.97960166 0.97960166 0.97617889 0.97617889 0.97617889 0.97568106
 0.97568106 0.97528686 0.97528686 0.97526055 0.97372147 0.97349763
 0.97349763 0.97215355 0.97215355 0.97215355 0.97053683 0.96897303
 0.96807034 0.96807034 0.96807034 0.96807034 0.96807034 0.96807034
 0.96738813 0.96738813 0.96738813 0.96738813 0.96738813 0.96738813
 0.96580993 0.96580993 0.96269242 0.96214852 0.96160431 0.96160431
 0.96160431 0.96160431 0.96160431 0.96160431]
12. Best individuals (target): [0.96160431 0.96160431 0.96160431 0.96160431 0.96160431 0.96160431
 0.96214852 0.96269242 0.96580993 0.96580993 0.96738813 0.96738813
 0.96738813 0.96738813 0.96738813 0.96738813 0.96807034 0.96807034
 0.96807034 0.96807034 0.96807034 0.96807034 0.96897303 0.97053683
 0.97215355 0.97215355 0.97215355 0.97349763 0.97349763 0.97372147
 0.97526055 0.97528686 0.97528686 0.97568106 0.97568106 0.97617889
 0.97617889 0.97617889 0.97960166 0.97960166]Mean reward: 0.9352181000686075
Sessgen: 1.566932201385498, other: 0.0010001659393310547, select1: 0.0010080337524414062, select2: 0.0010035037994384766, select3: 0.0, fit: 0.07596182823181152, score: 0.0

13. Best individuals (reward): [0.97960166 0.97960166 0.97617889 0.97617889 0.97617889 0.97568106
 0.97568106 0.97528686 0.97528686 0.97526055 0.97372147 0.97349763
 0.97349763 0.97215355 0.97215355 0.97215355 0.97053683 0.96897303
 0.96807034 0.96807034 0.96807034 0.96807034 0.96807034 0.96807034
 0.96738813 0.96738813 0.96738813 0.96738813 0.96738813 0.96738813
 0.96738813 0.96580993 0.96580993 0.96269242 0.96214852 0.96160431
 0.96160431 0.96160431 0.96160431 0.96160431 0.96160431 0.96138653]
13. Best individuals (target): [0.96138653 0.96160431 0.96160431 0.96160431 0.96160431 0.96160431
 0.96160431 0.96214852 0.96269242 0.96580993 0.96580993 0.96738813
 0.96738813 0.96738813 0.96738813 0.96738813 0.96738813 0.96738813
 0.96807034 0.96807034 0.96807034 0.96807034 0.96807034 0.96807034
 0.96897303 0.97053683 0.97215355 0.97215355 0.97215355 0.97349763
 0.97349763 0.97372147 0.97526055 0.97528686 0.97528686 0.97568106
 0.97568106 0.97617889 0.97617889 0.97617889 0.97960166 0.97960166]Mean reward: 0.9329243281989377
Sessgen: 2.964081048965454, other: 0.0, select1: 0.001998424530029297, select2: 0.001001119613647461, select3: 0.0, fit: 0.09299135208129883, score: 0.0

14. Best individuals (reward): [0.97960166 0.97960166 0.97617889 0.97617889 0.97617889 0.97617889
 0.97568106 0.97568106 0.97528686 0.97528686 0.97526055 0.97372147
 0.97349763 0.97349763 0.97215355 0.97215355 0.97215355 0.97053683
 0.97053683 0.96897303 0.96838019 0.96838019 0.96807034 0.96807034
 0.96807034 0.96807034 0.96807034 0.96807034 0.96787834 0.96738813
 0.96738813 0.96738813 0.96738813 0.96738813 0.96738813 0.96738813
 0.96580993 0.96580993 0.96269242 0.96269242 0.96214852 0.96160431]
14. Best individuals (target): [0.96160431 0.96214852 0.96269242 0.96269242 0.96580993 0.96580993
 0.96738813 0.96738813 0.96738813 0.96738813 0.96738813 0.96738813
 0.96738813 0.96787834 0.96807034 0.96807034 0.96807034 0.96807034
 0.96807034 0.96807034 0.96838019 0.96838019 0.96897303 0.97053683
 0.97053683 0.97215355 0.97215355 0.97215355 0.97349763 0.97349763
 0.97372147 0.97526055 0.97528686 0.97528686 0.97568106 0.97568106
 0.97617889 0.97617889 0.97617889 0.97617889 0.97960166 0.97960166]Mean reward: 0.9433944578079172
Sessgen: 2.0599966049194336, other: 0.0, select1: 0.0020003318786621094, select2: 0.0009996891021728516, select3: 0.0, fit: 0.08600306510925293, score: 0.0

15. Best individuals (reward): [0.97992222 0.97960166 0.97960166 0.97617889 0.97617889 0.97617889
 0.97617889 0.97568106 0.97568106 0.97528686 0.97528686 0.97526055
 0.97372147 0.97349763 0.97349763 0.97215355 0.97215355 0.97215355
 0.97053683 0.97053683 0.96897303 0.96838019 0.96838019 0.96807034
 0.96807034 0.96807034 0.96807034 0.96807034 0.96807034 0.96787834
 0.96738813 0.96738813 0.96738813 0.96738813 0.96738813 0.96738813
 0.96738813 0.96580993 0.96580993 0.96269242 0.96269242 0.96269242]
15. Best individuals (target): [0.96269242 0.96269242 0.96269242 0.96580993 0.96580993 0.96738813
 0.96738813 0.96738813 0.96738813 0.96738813 0.96738813 0.96738813
 0.96787834 0.96807034 0.96807034 0.96807034 0.96807034 0.96807034
 0.96807034 0.96838019 0.96838019 0.96897303 0.97053683 0.97053683
 0.97215355 0.97215355 0.97215355 0.97349763 0.97349763 0.97372147
 0.97526055 0.97528686 0.97528686 0.97568106 0.97568106 0.97617889
 0.97617889 0.97617889 0.97617889 0.97960166 0.97960166 0.97992222]Mean reward: 0.936697350095328
Sessgen: 2.3150112628936768, other: 0.0, select1: 0.001970529556274414, select2: 0.0009999275207519531, select3: 0.0009911060333251953, fit: 0.08300089836120605, score: 0.0010006427764892578

16. Best individuals (reward): [0.97992222 0.97960166 0.97960166 0.97617889 0.97617889 0.97617889
 0.97617889 0.97568106 0.97568106 0.97528686 0.97528686 0.97526055
 0.97372147 0.97349763 0.97349763 0.97215355 0.97215355 0.97215355
 0.97053683 0.97053683 0.9690101  0.96897303 0.96897303 0.96838019
 0.96838019 0.96807034 0.96807034 0.96807034 0.96807034 0.96807034
 0.96807034 0.96787834 0.96738813 0.96738813 0.96738813 0.96738813
 0.96738813 0.96738813 0.96738813 0.96583783 0.96580993 0.96580993]
16. Best individuals (target): [0.96580993 0.96580993 0.96583783 0.96738813 0.96738813 0.96738813
 0.96738813 0.96738813 0.96738813 0.96738813 0.96787834 0.96807034
 0.96807034 0.96807034 0.96807034 0.96807034 0.96807034 0.96838019
 0.96838019 0.96897303 0.96897303 0.9690101  0.97053683 0.97053683
 0.97215355 0.97215355 0.97215355 0.97349763 0.97349763 0.97372147
 0.97526055 0.97528686 0.97528686 0.97568106 0.97568106 0.97617889
 0.97617889 0.97617889 0.97617889 0.97960166 0.97960166 0.97992222]Mean reward: 0.9436236011468142
Sessgen: 2.3059754371643066, other: 0.0, select1: 0.001995086669921875, select2: 0.0020024776458740234, select3: 0.0, fit: 0.08899497985839844, score: 0.0010044574737548828

17. Best individuals (reward): [0.97992222 0.97960166 0.97960166 0.97747942 0.97617889 0.97617889
 0.97617889 0.97617889 0.97568106 0.97568106 0.97528686 0.97528686
 0.97526055 0.97372147 0.97349763 0.97349763 0.97215355 0.97215355
 0.97215355 0.97053683 0.97053683 0.97053683 0.97053683 0.97053683
 0.9690101  0.96897303 0.96897303 0.96838019 0.96838019 0.96807034
 0.96807034 0.96807034 0.96807034 0.96807034 0.96807034 0.96787834
 0.96738813 0.96738813 0.96738813 0.96738813]
17. Best individuals (target): [0.96738813 0.96738813 0.96738813 0.96738813 0.96787834 0.96807034
 0.96807034 0.96807034 0.96807034 0.96807034 0.96807034 0.96838019
 0.96838019 0.96897303 0.96897303 0.9690101  0.97053683 0.97053683
 0.97053683 0.97053683 0.97053683 0.97215355 0.97215355 0.97215355
 0.97349763 0.97349763 0.97372147 0.97526055 0.97528686 0.97528686
 0.97568106 0.97568106 0.97617889 0.97617889 0.97617889 0.97617889
 0.97747942 0.97960166 0.97960166 0.97992222]Mean reward: 0.9442418963250638
Sessgen: 2.1929914951324463, other: 0.0, select1: 0.0019986629486083984, select2: 0.0, select3: 0.0010013580322265625, fit: 0.09700441360473633, score: 0.0

18. Best individuals (reward): [0.97992222 0.97960166 0.97960166 0.97747942 0.97617889 0.97617889
 0.97617889 0.97617889 0.97568106 0.97568106 0.97528686 0.97528686
 0.97526055 0.97372147 0.97349763 0.97349763 0.97215355 0.97215355
 0.97215355 0.97053683 0.97053683 0.97053683 0.97053683 0.97053683
 0.97053683 0.97053683 0.9690101  0.96897303 0.96897303 0.96838019
 0.96838019 0.96807034 0.96807034 0.96807034 0.96807034 0.96807034
 0.96807034 0.96787834 0.96738813 0.96738813 0.96738813 0.96738813]
18. Best individuals (target): [0.96738813 0.96738813 0.96738813 0.96738813 0.96787834 0.96807034
 0.96807034 0.96807034 0.96807034 0.96807034 0.96807034 0.96838019
 0.96838019 0.96897303 0.96897303 0.9690101  0.97053683 0.97053683
 0.97053683 0.97053683 0.97053683 0.97053683 0.97053683 0.97215355
 0.97215355 0.97215355 0.97349763 0.97349763 0.97372147 0.97526055
 0.97528686 0.97528686 0.97568106 0.97568106 0.97617889 0.97617889
 0.97617889 0.97617889 0.97747942 0.97960166 0.97960166 0.97992222]Mean reward: 0.9410385333330268
Sessgen: 2.6639938354492188, other: 0.0, select1: 0.0019974708557128906, select2: 0.00099945068359375, select3: 0.0, fit: 0.15300416946411133, score: 0.0

19. Best individuals (reward): [0.97992222 0.97960166 0.97960166 0.97747942 0.97617889 0.97617889
 0.97617889 0.97617889 0.97568106 0.97568106 0.97528686 0.97528686
 0.97526055 0.97372147 0.97372147 0.97349763 0.97349763 0.97215355
 0.97215355 0.97215355 0.97134553 0.97053683 0.97053683 0.97053683
 0.97053683 0.97053683 0.97053683 0.97053683 0.9690101  0.96897303
 0.96897303 0.96838019 0.96838019 0.96838019 0.96807034 0.96807034
 0.96807034 0.96807034 0.96807034 0.96807034 0.96787834 0.96738813]
19. Best individuals (target): [0.96738813 0.96787834 0.96807034 0.96807034 0.96807034 0.96807034
 0.96807034 0.96807034 0.96838019 0.96838019 0.96838019 0.96897303
 0.96897303 0.9690101  0.97053683 0.97053683 0.97053683 0.97053683
 0.97053683 0.97053683 0.97053683 0.97134553 0.97215355 0.97215355
 0.97215355 0.97349763 0.97349763 0.97372147 0.97372147 0.97526055
 0.97528686 0.97528686 0.97568106 0.97568106 0.97617889 0.97617889
 0.97617889 0.97617889 0.97747942 0.97960166 0.97960166 0.97992222]Mean reward: 0.9437907670874087
Sessgen: 2.5890204906463623, other: 0.0010004043579101562, select1: 0.001012563705444336, select2: 0.000993490219116211, select3: 0.0, fit: 0.08796954154968262, score: 0.0009980201721191406

20. Best individuals (reward): [0.97992222 0.97960166 0.97960166 0.97747942 0.97617889 0.97617889
 0.97617889 0.97617889 0.97568106 0.97568106 0.97528686 0.97528686
 0.97526055 0.97526055 0.97372147 0.97372147 0.97349763 0.97349763
 0.97215355 0.97215355 0.97215355 0.97215355 0.97134553 0.97053683
 0.97053683 0.97053683 0.97053683 0.97053683 0.97053683 0.97053683
 0.9690101  0.96897303 0.96897303 0.96838019 0.96838019 0.96838019
 0.96807034 0.96807034 0.96807034 0.96807034 0.96807034 0.96807034]
20. Best individuals (target): [0.96807034 0.96807034 0.96807034 0.96807034 0.96807034 0.96807034
 0.96838019 0.96838019 0.96838019 0.96897303 0.96897303 0.9690101
 0.97053683 0.97053683 0.97053683 0.97053683 0.97053683 0.97053683
 0.97053683 0.97134553 0.97215355 0.97215355 0.97215355 0.97215355
 0.97349763 0.97349763 0.97372147 0.97372147 0.97526055 0.97526055
 0.97528686 0.97528686 0.97568106 0.97568106 0.97617889 0.97617889
 0.97617889 0.97617889 0.97747942 0.97960166 0.97960166 0.97992222]Mean reward: 0.9455767336229041
Sessgen: 2.1440346240997314, other: 0.0, select1: 0.0019943714141845703, select2: 0.0, select3: 0.0, fit: 0.08496689796447754, score: 0.0

21. Best individuals (reward): [0.97992222 0.97960166 0.97960166 0.97747942 0.97617889 0.97617889
 0.97617889 0.97617889 0.97568106 0.97568106 0.97528686 0.97528686
 0.97526055 0.97526055 0.97372147 0.97372147 0.97349763 0.97349763
 0.97215355 0.97215355 0.97215355 0.97215355 0.97134553 0.97053683
 0.97053683 0.97053683 0.97053683 0.97053683 0.97053683 0.97053683
 0.97053683 0.9702687  0.9690101  0.96897303 0.96897303 0.96838019
 0.96838019 0.96838019 0.96807034 0.96807034]
21. Best individuals (target): [0.96807034 0.96807034 0.96838019 0.96838019 0.96838019 0.96897303
 0.96897303 0.9690101  0.9702687  0.97053683 0.97053683 0.97053683
 0.97053683 0.97053683 0.97053683 0.97053683 0.97053683 0.97134553
 0.97215355 0.97215355 0.97215355 0.97215355 0.97349763 0.97349763
 0.97372147 0.97372147 0.97526055 0.97526055 0.97528686 0.97528686
 0.97568106 0.97568106 0.97617889 0.97617889 0.97617889 0.97617889
 0.97747942 0.97960166 0.97960166 0.97992222]Mean reward: 0.9442972896767207
Sessgen: 2.5520219802856445, other: 0.0, select1: 0.0019714832305908203, select2: 0.001997709274291992, select3: 0.0, fit: 0.08499646186828613, score: 0.0009987354278564453

22. Best individuals (reward): [0.97992222 0.97960166 0.97960166 0.97747942 0.97617889 0.97617889
 0.97617889 0.97617889 0.97568106 0.97568106 0.97528686 0.97528686
 0.97526055 0.97526055 0.97372147 0.97372147 0.97372147 0.97349763
 0.97349763 0.97215355 0.97215355 0.97215355 0.97215355 0.97134553
 0.97053683 0.97053683 0.97053683 0.97053683 0.97053683 0.97053683
 0.97053683 0.97053683 0.97053683 0.9702687  0.9702687  0.9690101
 0.96897303 0.96897303 0.96838019 0.96838019 0.96838019]
22. Best individuals (target): [0.96838019 0.96838019 0.96838019 0.96897303 0.96897303 0.9690101
 0.9702687  0.9702687  0.97053683 0.97053683 0.97053683 0.97053683
 0.97053683 0.97053683 0.97053683 0.97053683 0.97053683 0.97134553
 0.97215355 0.97215355 0.97215355 0.97215355 0.97349763 0.97349763
 0.97372147 0.97372147 0.97372147 0.97526055 0.97526055 0.97528686
 0.97528686 0.97568106 0.97568106 0.97617889 0.97617889 0.97617889
 0.97617889 0.97747942 0.97960166 0.97960166 0.97992222]Mean reward: 0.9437692074339844
Sessgen: 2.525994300842285, other: 0.0, select1: 0.0020351409912109375, select2: 0.0009996891021728516, select3: 0.0, fit: 0.09296607971191406, score: 0.0

23. Best individuals (reward): [0.97992222 0.97960166 0.97960166 0.97747942 0.97747942 0.97617889
 0.97617889 0.97617889 0.97617889 0.97617889 0.97568106 0.97568106
 0.97528686 0.97528686 0.97526055 0.97526055 0.97372147 0.97372147
 0.97372147 0.97349763 0.97349763 0.97215355 0.97215355 0.97215355
 0.97215355 0.97215355 0.97215355 0.97134553 0.97134553 0.97053683
 0.97053683 0.97053683 0.97053683 0.97053683 0.97053683 0.97053683
 0.97053683 0.97053683 0.9702687  0.9702687  0.9690101 ]
23. Best individuals (target): [0.9690101  0.9702687  0.9702687  0.97053683 0.97053683 0.97053683
 0.97053683 0.97053683 0.97053683 0.97053683 0.97053683 0.97053683
 0.97134553 0.97134553 0.97215355 0.97215355 0.97215355 0.97215355
 0.97215355 0.97215355 0.97349763 0.97349763 0.97372147 0.97372147
 0.97372147 0.97526055 0.97526055 0.97528686 0.97528686 0.97568106
 0.97568106 0.97617889 0.97617889 0.97617889 0.97617889 0.97617889
 0.97747942 0.97747942 0.97960166 0.97960166 0.97992222]Mean reward: 0.9445454458336786
Sessgen: 2.3879950046539307, other: 0.0, select1: 0.001992940902709961, select2: 0.0010366439819335938, select3: 0.0, fit: 0.09996533393859863, score: 0.0010008811950683594

24. Best individuals (reward): [0.97992222 0.97960166 0.97960166 0.97960166 0.97747942 0.97747942
 0.97617889 0.97617889 0.97617889 0.97617889 0.97617889 0.97617889
 0.97568106 0.97568106 0.97528686 0.97528686 0.97526055 0.97526055
 0.97372147 0.97372147 0.97372147 0.97349763 0.97349763 0.97215355
 0.97215355 0.97215355 0.97215355 0.97215355 0.97215355 0.97215355
 0.97215355 0.97134553 0.97134553 0.97053683 0.97053683 0.97053683
 0.97053683 0.97053683 0.97053683 0.97053683 0.97053683 0.97053683]
24. Best individuals (target): [0.97053683 0.97053683 0.97053683 0.97053683 0.97053683 0.97053683
 0.97053683 0.97053683 0.97053683 0.97134553 0.97134553 0.97215355
 0.97215355 0.97215355 0.97215355 0.97215355 0.97215355 0.97215355
 0.97215355 0.97349763 0.97349763 0.97372147 0.97372147 0.97372147
 0.97526055 0.97526055 0.97528686 0.97528686 0.97568106 0.97568106
 0.97617889 0.97617889 0.97617889 0.97617889 0.97617889 0.97617889
 0.97747942 0.97747942 0.97960166 0.97960166 0.97960166 0.97992222]Mean reward: 0.9478063805140647
Sessgen: 2.494997501373291, other: 0.0, select1: 0.001999378204345703, select2: 0.0009987354278564453, select3: 0.0, fit: 0.08600378036499023, score: 0.0

25. Best individuals (reward): [0.97992222 0.97960166 0.97960166 0.97960166 0.97747942 0.97747942
 0.97617889 0.97617889 0.97617889 0.97617889 0.97617889 0.97617889
 0.97568106 0.97568106 0.97528686 0.97528686 0.97526055 0.97526055
 0.97372147 0.97372147 0.97372147 0.97349763 0.97349763 0.97215355
 0.97215355 0.97215355 0.97215355 0.97215355 0.97215355 0.97215355
 0.97215355 0.97134553 0.97134553 0.97053683 0.97053683 0.97053683
 0.97053683 0.97053683 0.97053683 0.97053683 0.97053683 0.97053683]
25. Best individuals (target): [0.97053683 0.97053683 0.97053683 0.97053683 0.97053683 0.97053683
 0.97053683 0.97053683 0.97053683 0.97134553 0.97134553 0.97215355
 0.97215355 0.97215355 0.97215355 0.97215355 0.97215355 0.97215355
 0.97215355 0.97349763 0.97349763 0.97372147 0.97372147 0.97372147
 0.97526055 0.97526055 0.97528686 0.97528686 0.97568106 0.97568106
 0.97617889 0.97617889 0.97617889 0.97617889 0.97617889 0.97617889
 0.97747942 0.97747942 0.97960166 0.97960166 0.97960166 0.97992222]Mean reward: 0.9486477100352804
Sessgen: 3.727994441986084, other: 0.0, select1: 0.003998517990112305, select2: 0.0030019283294677734, select3: 0.0, fit: 0.10400962829589844, score: 0.0

26. Best individuals (reward): [0.97992222 0.97960166 0.97960166 0.97960166 0.97747942 0.97747942
 0.97617889 0.97617889 0.97617889 0.97617889 0.97617889 0.97617889
 0.97568106 0.97568106 0.97568106 0.97528686 0.97528686 0.97526055
 0.97526055 0.97526055 0.97372147 0.97372147 0.97372147 0.97349763
 0.97349763 0.97215355 0.97215355 0.97215355 0.97215355 0.97215355
 0.97215355 0.97215355 0.97215355 0.97134553 0.97134553 0.97053683
 0.97053683 0.97053683 0.97053683 0.97053683]
26. Best individuals (target): [0.97053683 0.97053683 0.97053683 0.97053683 0.97053683 0.97134553
 0.97134553 0.97215355 0.97215355 0.97215355 0.97215355 0.97215355
 0.97215355 0.97215355 0.97215355 0.97349763 0.97349763 0.97372147
 0.97372147 0.97372147 0.97526055 0.97526055 0.97526055 0.97528686
 0.97528686 0.97568106 0.97568106 0.97568106 0.97617889 0.97617889
 0.97617889 0.97617889 0.97617889 0.97617889 0.97747942 0.97747942
 0.97960166 0.97960166 0.97960166 0.97992222]Mean reward: 0.9508464164923239
Sessgen: 2.4069786071777344, other: 0.0, select1: 0.002000093460083008, select2: 0.0, select3: 0.0, fit: 0.09100341796875, score: 0.0

27. Best individuals (reward): [0.97992222 0.97960166 0.97960166 0.97960166 0.97747942 0.97747942
 0.97617889 0.97617889 0.97617889 0.97617889 0.97617889 0.97617889
 0.97568106 0.97568106 0.97568106 0.97528686 0.97528686 0.97526055
 0.97526055 0.97526055 0.97526055 0.97372147 0.97372147 0.97372147
 0.97349763 0.97349763 0.97215355 0.97215355 0.97215355 0.97215355
 0.97215355 0.97215355 0.97215355 0.97215355 0.97134553 0.97134553
 0.97053683 0.97053683 0.97053683 0.97053683 0.97053683 0.96738813]
27. Best individuals (target): [0.96738813 0.97053683 0.97053683 0.97053683 0.97053683 0.97053683
 0.97134553 0.97134553 0.97215355 0.97215355 0.97215355 0.97215355
 0.97215355 0.97215355 0.97215355 0.97215355 0.97349763 0.97349763
 0.97372147 0.97372147 0.97372147 0.97526055 0.97526055 0.97526055
 0.97526055 0.97528686 0.97528686 0.97568106 0.97568106 0.97568106
 0.97617889 0.97617889 0.97617889 0.97617889 0.97617889 0.97617889
 0.97747942 0.97747942 0.97960166 0.97960166 0.97960166 0.97992222]Mean reward: 0.9455161104185623
Sessgen: 2.498976230621338, other: 0.0, select1: 0.0009987354278564453, select2: 0.0010008811950683594, select3: 0.0, fit: 0.09300923347473145, score: 0.0

28. Best individuals (reward): [0.98404957 0.97992222 0.97960166 0.97960166 0.97960166 0.97747942
 0.97747942 0.97617889 0.97617889 0.97617889 0.97617889 0.97617889
 0.97617889 0.97568106 0.97568106 0.97568106 0.97528686 0.97528686
 0.97526055 0.97526055 0.97526055 0.97526055 0.97372147 0.97372147
 0.97372147 0.97349763 0.97349763 0.97215355 0.97215355 0.97215355
 0.97215355 0.97215355 0.97215355 0.97215355 0.97215355 0.97134553
 0.97134553 0.97053683 0.97053683 0.97053683 0.97053683 0.97053683]
28. Best individuals (target): [0.97053683 0.97053683 0.97053683 0.97053683 0.97053683 0.97134553
 0.97134553 0.97215355 0.97215355 0.97215355 0.97215355 0.97215355
 0.97215355 0.97215355 0.97215355 0.97349763 0.97349763 0.97372147
 0.97372147 0.97372147 0.97526055 0.97526055 0.97526055 0.97526055
 0.97528686 0.97528686 0.97568106 0.97568106 0.97568106 0.97617889
 0.97617889 0.97617889 0.97617889 0.97617889 0.97617889 0.97747942
 0.97747942 0.97960166 0.97960166 0.97960166 0.97992222 0.98404957]Mean reward: 0.9486445802284831
Sessgen: 2.133004665374756, other: 0.0, select1: 0.0019981861114501953, select2: 0.0010013580322265625, select3: 0.0, fit: 0.09299540519714355, score: 0.0010335445404052734

29. Best individuals (reward): [0.98404957 0.97992222 0.97960166 0.97960166 0.97960166 0.97747942
 0.97747942 0.97747942 0.97617889 0.97617889 0.97617889 0.97617889
 0.97617889 0.97617889 0.97617889 0.97568106 0.97568106 0.97568106
 0.97528686 0.97528686 0.97526055 0.97526055 0.97526055 0.97526055
 0.97372147 0.97372147 0.97372147 0.97349763 0.97349763 0.97215355
 0.97215355 0.97215355 0.97215355 0.97215355 0.97215355 0.97215355
 0.97215355 0.97134553 0.97134553 0.97053683 0.97053683]
29. Best individuals (target): [0.97053683 0.97053683 0.97134553 0.97134553 0.97215355 0.97215355
 0.97215355 0.97215355 0.97215355 0.97215355 0.97215355 0.97215355
 0.97349763 0.97349763 0.97372147 0.97372147 0.97372147 0.97526055
 0.97526055 0.97526055 0.97526055 0.97528686 0.97528686 0.97568106
 0.97568106 0.97568106 0.97617889 0.97617889 0.97617889 0.97617889
 0.97617889 0.97617889 0.97617889 0.97747942 0.97747942 0.97747942
 0.97960166 0.97960166 0.97960166 0.97992222 0.98404957]Mean reward: 0.9502635177438166
Sessgen: 2.259993314743042, other: 0.0, select1: 0.0009999275207519531, select2: 0.0010001659393310547, select3: 0.0, fit: 0.1190042495727539, score: 0.0

30. Best individuals (reward): [0.98404957 0.98404957 0.97992222 0.97960166 0.97960166 0.97960166
 0.97747942 0.97747942 0.97747942 0.97617889 0.97617889 0.97617889
 0.97617889 0.97617889 0.97617889 0.97617889 0.97568106 0.97568106
 0.97568106 0.97528686 0.97528686 0.97526055 0.97526055 0.97526055
 0.97526055 0.97372147 0.97372147 0.97372147 0.97349763 0.97349763
 0.97215355 0.97215355 0.97215355 0.97215355 0.97215355 0.97215355
 0.97215355 0.97215355 0.97215355 0.97215355 0.97134553 0.97134553]
30. Best individuals (target): [0.97134553 0.97134553 0.97215355 0.97215355 0.97215355 0.97215355
 0.97215355 0.97215355 0.97215355 0.97215355 0.97215355 0.97215355
 0.97349763 0.97349763 0.97372147 0.97372147 0.97372147 0.97526055
 0.97526055 0.97526055 0.97526055 0.97528686 0.97528686 0.97568106
 0.97568106 0.97568106 0.97617889 0.97617889 0.97617889 0.97617889
 0.97617889 0.97617889 0.97617889 0.97747942 0.97747942 0.97747942
 0.97960166 0.97960166 0.97960166 0.97992222 0.98404957 0.98404957]Mean reward: 0.949949836064205
Sessgen: 2.8209946155548096, other: 0.0010001659393310547, select1: 0.0010004043579101562, select2: 0.0019991397857666016, select3: 0.0, fit: 0.09399771690368652, score: 0.0

31. Best individuals (reward): [0.98404957 0.98404957 0.97992222 0.97960166 0.97960166 0.97960166
 0.97747942 0.97747942 0.97747942 0.97617889 0.97617889 0.97617889
 0.97617889 0.97617889 0.97617889 0.97617889 0.97617889 0.97617889
 0.97617889 0.97568106 0.97568106 0.97568106 0.97528686 0.97528686
 0.97526055 0.97526055 0.97526055 0.97526055 0.97526055 0.97372147
 0.97372147 0.97372147 0.97372147 0.97349763 0.97349763 0.97215355
 0.97215355 0.97215355 0.97215355 0.97215355]
31. Best individuals (target): [0.97215355 0.97215355 0.97215355 0.97215355 0.97215355 0.97349763
 0.97349763 0.97372147 0.97372147 0.97372147 0.97372147 0.97526055
 0.97526055 0.97526055 0.97526055 0.97526055 0.97528686 0.97528686
 0.97568106 0.97568106 0.97568106 0.97617889 0.97617889 0.97617889
 0.97617889 0.97617889 0.97617889 0.97617889 0.97617889 0.97617889
 0.97617889 0.97747942 0.97747942 0.97747942 0.97960166 0.97960166
 0.97960166 0.97992222 0.98404957 0.98404957]Mean reward: 0.9577882454240674
Sessgen: 3.2499868869781494, other: 0.0009980201721191406, select1: 0.0019986629486083984, select2: 0.0009999275207519531, select3: 0.0, fit: 0.11800289154052734, score: 0.001001119613647461

32. Best individuals (reward): [0.98404957 0.98404957 0.97992222 0.97960166 0.97960166 0.97960166
 0.97747942 0.97747942 0.97747942 0.97617889 0.97617889 0.97617889
 0.97617889 0.97617889 0.97617889 0.97617889 0.97617889 0.97617889
 0.97617889 0.97568106 0.97568106 0.97568106 0.97528686 0.97528686
 0.97526055 0.97526055 0.97526055 0.97526055 0.97526055 0.97372147
 0.97372147 0.97372147 0.97372147 0.97349763 0.97349763 0.97215355
 0.97215355 0.97215355 0.97215355 0.97215355 0.97053683 0.97053683
 0.97053683]
32. Best individuals (target): [0.97053683 0.97053683 0.97053683 0.97215355 0.97215355 0.97215355
 0.97215355 0.97215355 0.97349763 0.97349763 0.97372147 0.97372147
 0.97372147 0.97372147 0.97526055 0.97526055 0.97526055 0.97526055
 0.97526055 0.97528686 0.97528686 0.97568106 0.97568106 0.97568106
 0.97617889 0.97617889 0.97617889 0.97617889 0.97617889 0.97617889
 0.97617889 0.97617889 0.97617889 0.97617889 0.97747942 0.97747942
 0.97747942 0.97960166 0.97960166 0.97960166 0.97992222 0.98404957
 0.98404957]Mean reward: 0.9491609612852568
Sessgen: 3.908510684967041, other: 0.0009975433349609375, select1: 0.00699925422668457, select2: 0.003000497817993164, select3: 0.0009996891021728516, fit: 0.23199868202209473, score: 0.0010013580322265625

33. Best individuals (reward): [0.98404957 0.98404957 0.97992222 0.97960166 0.97960166 0.97960166
 0.97960166 0.97747942 0.97747942 0.97747942 0.97617889 0.97617889
 0.97617889 0.97617889 0.97617889 0.97617889 0.97617889 0.97617889
 0.97617889 0.97617889 0.97617889 0.97617889 0.97617889 0.97568106
 0.97568106 0.97568106 0.97528686 0.97528686 0.97526055 0.97526055
 0.97526055 0.97526055 0.97526055 0.97372147 0.97372147 0.97372147
 0.97372147 0.97349763 0.97349763 0.97215355]
33. Best individuals (target): [0.97215355 0.97349763 0.97349763 0.97372147 0.97372147 0.97372147
 0.97372147 0.97526055 0.97526055 0.97526055 0.97526055 0.97526055
 0.97528686 0.97528686 0.97568106 0.97568106 0.97568106 0.97617889
 0.97617889 0.97617889 0.97617889 0.97617889 0.97617889 0.97617889
 0.97617889 0.97617889 0.97617889 0.97617889 0.97617889 0.97617889
