
0. Best individuals (reward): [0.8529278  0.82266439 0.76074388 0.76049322 0.76014365 0.7496933
 0.7496933  0.74689467 0.7418881  0.74141072 0.73392157 0.72857443
 0.72241313 0.70057733 0.69712066 0.69583447 0.69125385 0.6892611
 0.68903462 0.68844615 0.68582978 0.67675056 0.67337307 0.67255607
 0.67103893 0.66120599 0.64327377 0.64323857 0.6423534  0.63591189]
0. Best individuals (target): [0.63591189 0.6423534  0.64323857 0.64327377 0.66120599 0.67103893
 0.67255607 0.67337307 0.67675056 0.68582978 0.68844615 0.68903462
 0.6892611  0.69125385 0.69583447 0.69712066 0.70057733 0.72241313
 0.72857443 0.73392157 0.74141072 0.7418881  0.74689467 0.7496933
 0.7496933  0.76014365 0.76049322 0.76074388 0.82266439 0.8529278 ]Mean reward: 0.6228272305581157
Sessgen: 5.966648578643799, other: 0.0, select1: 0.0041370391845703125, select2: 0.0, select3: 0.0, fit: 0.17826366424560547, score: 0.0010447502136230469

1. Best individuals (reward): [0.89060228 0.85355339 0.8529278  0.82266439 0.80193356 0.77644331
 0.77518545 0.76074388 0.76049322 0.76014365 0.75852734 0.75760591
 0.75266482 0.75201229 0.7496933  0.7496933  0.7496933  0.7496933
 0.74689467 0.74451609 0.7418881  0.74141072 0.73392157 0.73365688
 0.73365688 0.73365688 0.72857443 0.72857443 0.72565662 0.72241313
 0.72136588]
1. Best individuals (target): [0.72136588 0.72241313 0.72565662 0.72857443 0.72857443 0.73365688
 0.73365688 0.73365688 0.73392157 0.74141072 0.7418881  0.74451609
 0.74689467 0.7496933  0.7496933  0.7496933  0.7496933  0.75201229
 0.75266482 0.75760591 0.75852734 0.76014365 0.76049322 0.76074388
 0.77518545 0.77644331 0.80193356 0.82266439 0.8529278  0.85355339
 0.89060228]Mean reward: 0.6910246176987671
Sessgen: 4.1937549114227295, other: 0.0, select1: 0.00518798828125, select2: 0.002545595169067383, select3: 0.0, fit: 0.1471569538116455, score: 0.0

2. Best individuals (reward): [0.89060228 0.85355339 0.85308368 0.8529278  0.85172084 0.84209824
 0.82266439 0.81803485 0.80205086 0.80193356 0.79909733 0.79859889
 0.78843968 0.78401671 0.77644331 0.77518545 0.77334985 0.76174397
 0.76074388 0.76049322 0.76029469 0.76014365 0.75852734 0.75760591
 0.75503809 0.75266482 0.75201229 0.75059112 0.7496933  0.7496933
 0.7496933 ]
2. Best individuals (target): [0.7496933  0.7496933  0.7496933  0.75059112 0.75201229 0.75266482
 0.75503809 0.75760591 0.75852734 0.76014365 0.76029469 0.76049322
 0.76074388 0.76174397 0.77334985 0.77518545 0.77644331 0.78401671
 0.78843968 0.79859889 0.79909733 0.80193356 0.80205086 0.81803485
 0.82266439 0.84209824 0.85172084 0.8529278  0.85308368 0.85355339
 0.89060228]Mean reward: 0.7284966044932832
Sessgen: 6.039121389389038, other: 0.0, select1: 0.003626585006713867, select2: 0.00128936767578125, select3: 0.0010046958923339844, fit: 0.11523604393005371, score: 0.0

3. Best individuals (reward): [0.89060228 0.8793553  0.85355339 0.85308368 0.8529278  0.85172084
 0.84209824 0.82266439 0.81803485 0.81053802 0.8054778  0.80308567
 0.80214921 0.80205086 0.80193356 0.79909733 0.79880604 0.79859889
 0.78843968 0.78401671 0.78385569 0.77711978 0.77644331 0.77518545
 0.77334985 0.77120441 0.76759933 0.76624718 0.76624695 0.76621713
 0.76531531]
3. Best individuals (target): [0.76531531 0.76621713 0.76624695 0.76624718 0.76759933 0.77120441
 0.77334985 0.77518545 0.77644331 0.77711978 0.78385569 0.78401671
 0.78843968 0.79859889 0.79880604 0.79909733 0.80193356 0.80205086
 0.80214921 0.80308567 0.8054778  0.81053802 0.81803485 0.82266439
 0.84209824 0.85172084 0.8529278  0.85308368 0.85355339 0.8793553
 0.89060228]Mean reward: 0.7384879215615018
Sessgen: 6.563043594360352, other: 0.0010027885437011719, select1: 0.0018019676208496094, select2: 0.0013422966003417969, select3: 0.0, fit: 0.10025191307067871, score: 0.0

4. Best individuals (reward): [0.92197507 0.89060228 0.8793553  0.85355339 0.85308368 0.8529278
 0.85172084 0.84209824 0.8382337  0.82266439 0.81803485 0.81053802
 0.80566405 0.8054778  0.80308567 0.80214921 0.80205086 0.80193356
 0.80088293 0.79909733 0.79880604 0.79859889 0.79515531 0.79225314
 0.79112441 0.79049035 0.79025607 0.78843968 0.78843968 0.78719329
 0.78401671]
4. Best individuals (target): [0.78401671 0.78719329 0.78843968 0.78843968 0.79025607 0.79049035
 0.79112441 0.79225314 0.79515531 0.79859889 0.79880604 0.79909733
 0.80088293 0.80193356 0.80205086 0.80214921 0.80308567 0.8054778
 0.80566405 0.81053802 0.81803485 0.82266439 0.8382337  0.84209824
 0.85172084 0.8529278  0.85308368 0.85355339 0.8793553  0.89060228
 0.92197507]Mean reward: 0.7649458107473807
Sessgen: 5.679919004440308, other: 0.0, select1: 0.005488872528076172, select2: 0.0021109580993652344, select3: 0.0, fit: 0.15983939170837402, score: 0.0003695487976074219

5. Best individuals (reward): [0.92783037 0.92197507 0.89060228 0.88365217 0.8793553  0.8793553
 0.85355339 0.85308368 0.8529278  0.85172084 0.84209824 0.8382337
 0.82313646 0.82266439 0.82157452 0.81803485 0.81093607 0.81053802
 0.80912286 0.80787572 0.80566405 0.8054778  0.80308567 0.80217582
 0.80214921 0.80205086 0.80193356 0.80088293 0.79909733 0.79880604
 0.79859889]
5. Best individuals (target): [0.79859889 0.79880604 0.79909733 0.80088293 0.80193356 0.80205086
 0.80214921 0.80217582 0.80308567 0.8054778  0.80566405 0.80787572
 0.80912286 0.81053802 0.81093607 0.81803485 0.82157452 0.82266439
 0.82313646 0.8382337  0.84209824 0.85172084 0.8529278  0.85308368
 0.85355339 0.8793553  0.8793553  0.88365217 0.89060228 0.92197507
 0.92783037]Mean reward: 0.7758655933125043
Sessgen: 6.058283805847168, other: 0.0, select1: 0.003999471664428711, select2: 0.0, select3: 0.0, fit: 0.1528925895690918, score: 0.0

6. Best individuals (reward): [0.93272203 0.92783037 0.92197507 0.89341798 0.89341798 0.89060228
 0.88365217 0.8793553  0.8793553  0.85428018 0.85355339 0.85308368
 0.8529278  0.85172084 0.84209824 0.84157519 0.8382337  0.83760818
 0.82313646 0.82266439 0.82157452 0.8184209  0.81803485 0.81631983
 0.81150879 0.81114702 0.81093607 0.81093607 0.81080117 0.81053802
 0.80912286]
6. Best individuals (target): [0.80912286 0.81053802 0.81080117 0.81093607 0.81093607 0.81114702
 0.81150879 0.81631983 0.81803485 0.8184209  0.82157452 0.82266439
 0.82313646 0.83760818 0.8382337  0.84157519 0.84209824 0.85172084
 0.8529278  0.85308368 0.85355339 0.85428018 0.8793553  0.8793553
 0.88365217 0.89060228 0.89341798 0.89341798 0.92197507 0.92783037
 0.93272203]Mean reward: 0.7949129491137975
Sessgen: 4.946330308914185, other: 0.0010232925415039062, select1: 0.0010862350463867188, select2: 0.0, select3: 0.0, fit: 0.09815096855163574, score: 0.0

7. Best individuals (reward): [0.93272203 0.92783037 0.92197507 0.89341798 0.89341798 0.89060228
 0.88365217 0.88057207 0.8793553  0.8793553  0.85428018 0.85355339
 0.85308368 0.8529278  0.85172084 0.85149165 0.85004656 0.84209824
 0.84157519 0.8382337  0.83760818 0.82313646 0.82266439 0.82157452
 0.8184209  0.81803485 0.81631983 0.8115508  0.81150879 0.81114702]
7. Best individuals (target): [0.81114702 0.81150879 0.8115508  0.81631983 0.81803485 0.8184209
 0.82157452 0.82266439 0.82313646 0.83760818 0.8382337  0.84157519
 0.84209824 0.85004656 0.85149165 0.85172084 0.8529278  0.85308368
 0.85355339 0.85428018 0.8793553  0.8793553  0.88057207 0.88365217
 0.89060228 0.89341798 0.89341798 0.92197507 0.92783037 0.93272203]Mean reward: 0.799526368384291
Sessgen: 5.321518659591675, other: 0.0, select1: 0.005038022994995117, select2: 0.002006053924560547, select3: 0.0009999275207519531, fit: 0.11178994178771973, score: 0.0

8. Best individuals (reward): [0.93272203 0.92783037 0.92197507 0.90787518 0.89341798 0.89341798
 0.89060228 0.88365217 0.88168155 0.88057207 0.8793553  0.8793553
 0.87601975 0.86637879 0.86637879 0.85428018 0.85355339 0.85308368
 0.8529278  0.85181827 0.85172084 0.85149165 0.85149165 0.85004656
 0.8460141  0.84209824 0.84184497 0.84157519 0.84157519 0.83878207
 0.8382337 ]
8. Best individuals (target): [0.8382337  0.83878207 0.84157519 0.84157519 0.84184497 0.84209824
 0.8460141  0.85004656 0.85149165 0.85149165 0.85172084 0.85181827
 0.8529278  0.85308368 0.85355339 0.85428018 0.86637879 0.86637879
 0.87601975 0.8793553  0.8793553  0.88057207 0.88168155 0.88365217
 0.89060228 0.89341798 0.89341798 0.90787518 0.92197507 0.92783037
 0.93272203]Mean reward: 0.8240869925413594
Sessgen: 4.783454418182373, other: 0.0, select1: 0.0019989013671875, select2: 0.0, select3: 0.0, fit: 0.12753677368164062, score: 0.0

9. Best individuals (reward): [0.93272203 0.92783037 0.92197507 0.90787518 0.89341798 0.89341798
 0.89060228 0.88365217 0.88168155 0.88057207 0.8793553  0.8793553
 0.87601975 0.86732864 0.86637879 0.86637879 0.85428018 0.85355339
 0.85308368 0.8529278  0.85181827 0.85181827 0.85172084 0.85149165
 0.85149165 0.85004656 0.8460141  0.84517146 0.84517146 0.84226671
 0.84226671 0.84226671]
9. Best individuals (target): [0.84226671 0.84226671 0.84226671 0.84517146 0.84517146 0.8460141
 0.85004656 0.85149165 0.85149165 0.85172084 0.85181827 0.85181827
 0.8529278  0.85308368 0.85355339 0.85428018 0.86637879 0.86637879
 0.86732864 0.87601975 0.8793553  0.8793553  0.88057207 0.88168155
 0.88365217 0.89060228 0.89341798 0.89341798 0.90787518 0.92197507
 0.92783037 0.93272203]Mean reward: 0.8295304477080427
Sessgen: 5.006032466888428, other: 0.0, select1: 0.0009810924530029297, select2: 0.0010030269622802734, select3: 0.0, fit: 0.11573529243469238, score: 0.0

10. Best individuals (reward): [0.93272203 0.92783037 0.92197507 0.91945596 0.90787518 0.89604595
 0.89341798 0.89341798 0.89341798 0.89060228 0.88365217 0.88168155
 0.88168155 0.88057207 0.88057207 0.88057207 0.88057207 0.8793553
 0.8793553  0.87601975 0.86732864 0.86732864 0.86732864 0.86637879
 0.86637879 0.85739832 0.85428018 0.85410747 0.85373287 0.85355339
 0.85308368]
10. Best individuals (target): [0.85308368 0.85355339 0.85373287 0.85410747 0.85428018 0.85739832
 0.86637879 0.86637879 0.86732864 0.86732864 0.86732864 0.87601975
 0.8793553  0.8793553  0.88057207 0.88057207 0.88057207 0.88057207
 0.88168155 0.88168155 0.88365217 0.89060228 0.89341798 0.89341798
 0.89341798 0.89604595 0.90787518 0.91945596 0.92197507 0.92783037
 0.93272203]Mean reward: 0.8404633615636292
Sessgen: 5.666777610778809, other: 0.0010890960693359375, select1: 0.003301858901977539, select2: 0.0016758441925048828, select3: 0.0, fit: 0.1733381748199463, score: 0.0

11. Best individuals (reward): [0.93272203 0.92783037 0.92197507 0.91945596 0.90787518 0.90787518
 0.89604595 0.89341798 0.89341798 0.89341798 0.89341798 0.89060228
 0.88365217 0.88168155 0.88168155 0.88057207 0.88057207 0.88057207
 0.88057207 0.8793553  0.8793553  0.87601975 0.86732864 0.86732864
 0.86732864 0.86732864 0.86637879 0.86637879 0.86637879 0.85976743
 0.85739832]
11. Best individuals (target): [0.85739832 0.85976743 0.86637879 0.86637879 0.86637879 0.86732864
 0.86732864 0.86732864 0.86732864 0.87601975 0.8793553  0.8793553
 0.88057207 0.88057207 0.88057207 0.88057207 0.88168155 0.88168155
 0.88365217 0.89060228 0.89341798 0.89341798 0.89341798 0.89341798
 0.89604595 0.90787518 0.90787518 0.91945596 0.92197507 0.92783037
 0.93272203]Mean reward: 0.842743383955745
Sessgen: 6.240107774734497, other: 0.0, select1: 0.004002571105957031, select2: 0.0, select3: 0.0, fit: 0.1542959213256836, score: 0.0

12. Best individuals (reward): [0.93272203 0.92783037 0.92197507 0.91945596 0.90787518 0.90787518
 0.90787518 0.90787518 0.89604595 0.89341798 0.89341798 0.89341798
 0.89341798 0.89284993 0.89060228 0.88365217 0.88168155 0.88168155
 0.88168155 0.88168155 0.88057207 0.88057207 0.88057207 0.88057207
 0.88057207 0.88057207 0.8793553  0.8793553  0.87601975 0.87338099]
12. Best individuals (target): [0.87338099 0.87601975 0.8793553  0.8793553  0.88057207 0.88057207
 0.88057207 0.88057207 0.88057207 0.88057207 0.88168155 0.88168155
 0.88168155 0.88168155 0.88365217 0.89060228 0.89284993 0.89341798
 0.89341798 0.89341798 0.89341798 0.89604595 0.90787518 0.90787518
 0.90787518 0.90787518 0.91945596 0.92197507 0.92783037 0.93272203]Mean reward: 0.853939076431526
Sessgen: 4.305203437805176, other: 0.0, select1: 0.0010302066802978516, select2: 0.0010139942169189453, select3: 0.0, fit: 0.11354660987854004, score: 0.0

13. Best individuals (reward): [0.93272203 0.92783037 0.92197507 0.91945596 0.90787518 0.90787518
 0.90787518 0.90787518 0.90787518 0.89969506 0.89604595 0.89341798
 0.89341798 0.89341798 0.89341798 0.89341798 0.89284993 0.89060228
 0.88365217 0.88217609 0.88168155 0.88168155 0.88168155 0.88168155
 0.88057207 0.88057207 0.88057207 0.88057207 0.88057207 0.88057207]
13. Best individuals (target): [0.88057207 0.88057207 0.88057207 0.88057207 0.88057207 0.88057207
 0.88168155 0.88168155 0.88168155 0.88168155 0.88217609 0.88365217
 0.89060228 0.89284993 0.89341798 0.89341798 0.89341798 0.89341798
 0.89341798 0.89604595 0.89969506 0.90787518 0.90787518 0.90787518
 0.90787518 0.90787518 0.91945596 0.92197507 0.92783037 0.93272203]Mean reward: 0.8580859867657743
Sessgen: 5.823219060897827, other: 0.0, select1: 0.007698535919189453, select2: 0.0030472278594970703, select3: 0.0, fit: 0.1956179141998291, score: 0.0

14. Best individuals (reward): [0.93272203 0.92783037 0.92368627 0.92368627 0.92197507 0.91945596
 0.90861527 0.90787518 0.90787518 0.90787518 0.90787518 0.90787518
 0.90144821 0.90089169 0.89969506 0.89604595 0.89341798 0.89341798
 0.89341798 0.89341798 0.89341798 0.89341798 0.89284993 0.89060228
 0.88782537 0.88782537 0.88365217 0.88217609 0.88168155 0.88168155]
14. Best individuals (target): [0.88168155 0.88168155 0.88217609 0.88365217 0.88782537 0.88782537
 0.89060228 0.89284993 0.89341798 0.89341798 0.89341798 0.89341798
 0.89341798 0.89341798 0.89604595 0.89969506 0.90089169 0.90144821
 0.90787518 0.90787518 0.90787518 0.90787518 0.90787518 0.90861527
 0.91945596 0.92197507 0.92368627 0.92368627 0.92783037 0.93272203]Mean reward: 0.8694348545262315
Sessgen: 6.339856147766113, other: 0.0003612041473388672, select1: 0.005063056945800781, select2: 0.004003286361694336, select3: 0.0, fit: 0.14423894882202148, score: 0.000997304916381836

15. Best individuals (reward): [0.93272203 0.93074817 0.92783037 0.92368627 0.92368627 0.92197507
 0.91945596 0.91261897 0.90861527 0.90787518 0.90787518 0.90787518
 0.90787518 0.90787518 0.90787518 0.90787518 0.90144821 0.90089169
 0.90089169 0.89969506 0.89604595 0.89341798 0.89341798 0.89341798
 0.89341798 0.89341798 0.89341798 0.89341798 0.89341798 0.89284993
 0.89060228]
15. Best individuals (target): [0.89060228 0.89284993 0.89341798 0.89341798 0.89341798 0.89341798
 0.89341798 0.89341798 0.89341798 0.89341798 0.89604595 0.89969506
 0.90089169 0.90089169 0.90144821 0.90787518 0.90787518 0.90787518
 0.90787518 0.90787518 0.90787518 0.90787518 0.90861527 0.91261897
 0.91945596 0.92197507 0.92368627 0.92368627 0.92783037 0.93074817
 0.93272203]Mean reward: 0.8766388028182109
Sessgen: 4.837090015411377, other: 0.0, select1: 0.0, select2: 0.004010200500488281, select3: 0.0, fit: 0.10422515869140625, score: 0.0

16. Best individuals (reward): [0.93272203 0.93074817 0.92783037 0.92368627 0.92368627 0.92368627
 0.92197507 0.91945596 0.91261897 0.91261897 0.90861527 0.90861527
 0.90787518 0.90787518 0.90787518 0.90787518 0.90787518 0.90787518
 0.90787518 0.90144821 0.90089169 0.90089169 0.90089169 0.89969506
 0.89604595 0.89341798 0.89341798 0.89341798 0.89341798 0.89341798]
16. Best individuals (target): [0.89341798 0.89341798 0.89341798 0.89341798 0.89341798 0.89604595
 0.89969506 0.90089169 0.90089169 0.90089169 0.90144821 0.90787518
 0.90787518 0.90787518 0.90787518 0.90787518 0.90787518 0.90787518
 0.90861527 0.90861527 0.91261897 0.91261897 0.91945596 0.92197507
 0.92368627 0.92368627 0.92368627 0.92783037 0.93074817 0.93272203]Mean reward: 0.8768645751141871
Sessgen: 5.676862955093384, other: 0.0, select1: 0.00512242317199707, select2: 0.0010447502136230469, select3: 0.0, fit: 0.14724063873291016, score: 0.0

17. Best individuals (reward): [0.95224492 0.93272203 0.93074817 0.92783037 0.9267767  0.92368627
 0.92368627 0.92368627 0.92368627 0.92368627 0.92368627 0.92197507
 0.91945596 0.91261897 0.91261897 0.90861527 0.90861527 0.90787518
 0.90787518 0.90787518 0.90787518 0.90787518 0.90787518 0.90787518
 0.90787518 0.90144821 0.90089169 0.90089169 0.90089169 0.89969506
 0.8983509 ]
17. Best individuals (target): [0.8983509  0.89969506 0.90089169 0.90089169 0.90089169 0.90144821
 0.90787518 0.90787518 0.90787518 0.90787518 0.90787518 0.90787518
 0.90787518 0.90787518 0.90861527 0.90861527 0.91261897 0.91261897
 0.91945596 0.92197507 0.92368627 0.92368627 0.92368627 0.92368627
 0.92368627 0.92368627 0.9267767  0.92783037 0.93074817 0.93272203
 0.95224492]Mean reward: 0.8823167754837472
Sessgen: 6.6155736446380615, other: 0.0, select1: 0.0035636425018310547, select2: 0.0029134750366210938, select3: 0.0, fit: 0.09050488471984863, score: 0.0

18. Best individuals (reward): [0.95224492 0.95224492 0.93286354 0.93272203 0.93074817 0.92783037
 0.9267767  0.92368627 0.92368627 0.92368627 0.92368627 0.92368627
 0.92368627 0.92368627 0.92368627 0.92368627 0.92368627 0.92368627
 0.92197507 0.91945596 0.91261897 0.91261897 0.90861527 0.90861527
 0.90787518 0.90787518 0.90787518 0.90787518 0.90787518 0.90787518]
18. Best individuals (target): [0.90787518 0.90787518 0.90787518 0.90787518 0.90787518 0.90787518
 0.90861527 0.90861527 0.91261897 0.91261897 0.91945596 0.92197507
 0.92368627 0.92368627 0.92368627 0.92368627 0.92368627 0.92368627
 0.92368627 0.92368627 0.92368627 0.92368627 0.92368627 0.9267767
 0.92783037 0.93074817 0.93272203 0.93286354 0.95224492 0.95224492]Mean reward: 0.8863787673590251
Sessgen: 4.648371934890747, other: 0.0, select1: 0.004176139831542969, select2: 0.0016646385192871094, select3: 0.0, fit: 0.14204859733581543, score: 0.0

19. Best individuals (reward): [0.95224492 0.95224492 0.95224492 0.93286354 0.93272203 0.93074817
 0.92783037 0.9267767  0.92653312 0.92368627 0.92368627 0.92368627
 0.92368627 0.92368627 0.92368627 0.92368627 0.92368627 0.92368627
 0.92368627 0.92368627 0.92368627 0.92368627 0.92197507 0.91945596
 0.91261897 0.91261897 0.91261897 0.91261897 0.91261897 0.90861527
 0.90861527]
19. Best individuals (target): [0.90861527 0.90861527 0.91261897 0.91261897 0.91261897 0.91261897
 0.91261897 0.91945596 0.92197507 0.92368627 0.92368627 0.92368627
 0.92368627 0.92368627 0.92368627 0.92368627 0.92368627 0.92368627
 0.92368627 0.92368627 0.92368627 0.92368627 0.92653312 0.9267767
 0.92783037 0.93074817 0.93272203 0.93286354 0.95224492 0.95224492
 0.95224492]Mean reward: 0.8887378641202774
Sessgen: 6.135028123855591, other: 0.0, select1: 0.004001140594482422, select2: 0.003996610641479492, select3: 0.0, fit: 0.14490127563476562, score: 0.0

20. Best individuals (reward): [0.95224492 0.95224492 0.95224492 0.95224492 0.95224492 0.93567239
 0.93567239 0.93286354 0.93272203 0.93074817 0.92783037 0.9267767
 0.92653312 0.92648739 0.92368627 0.92368627 0.92368627 0.92368627
 0.92368627 0.92368627 0.92368627 0.92368627 0.92368627 0.92368627
 0.92368627 0.92368627 0.92368627 0.92368627 0.92368627 0.92368627
 0.92197507]
20. Best individuals (target): [0.92197507 0.92368627 0.92368627 0.92368627 0.92368627 0.92368627
 0.92368627 0.92368627 0.92368627 0.92368627 0.92368627 0.92368627
 0.92368627 0.92368627 0.92368627 0.92368627 0.92368627 0.92648739
 0.92653312 0.9267767  0.92783037 0.93074817 0.93272203 0.93286354
 0.93567239 0.93567239 0.95224492 0.95224492 0.95224492 0.95224492
 0.95224492]Mean reward: 0.8925500910329534
Sessgen: 5.7711827754974365, other: 0.0, select1: 0.004876136779785156, select2: 0.0009942054748535156, select3: 0.0, fit: 0.14085674285888672, score: 0.0

21. Best individuals (reward): [0.95224492 0.95224492 0.95224492 0.95224492 0.95224492 0.93567239
 0.93567239 0.93567239 0.93286354 0.93272203 0.93074817 0.92783037
 0.9267767  0.92653312 0.92648739 0.92368627 0.92368627 0.92368627
 0.92368627 0.92368627 0.92368627 0.92368627 0.92368627 0.92368627
 0.92368627 0.92368627 0.92368627 0.92368627 0.92368627 0.92368627]
21. Best individuals (target): [0.92368627 0.92368627 0.92368627 0.92368627 0.92368627 0.92368627
 0.92368627 0.92368627 0.92368627 0.92368627 0.92368627 0.92368627
 0.92368627 0.92368627 0.92368627 0.92648739 0.92653312 0.9267767
 0.92783037 0.93074817 0.93272203 0.93286354 0.93567239 0.93567239
 0.93567239 0.95224492 0.95224492 0.95224492 0.95224492 0.95224492]Mean reward: 0.892479699282973
Sessgen: 5.20601487159729, other: 0.001383066177368164, select1: 0.0055158138275146484, select2: 0.0040013790130615234, select3: 0.0, fit: 0.14589571952819824, score: 0.0

22. Best individuals (reward): [0.95224492 0.95224492 0.95224492 0.95224492 0.95224492 0.93567239
 0.93567239 0.93567239 0.93286354 0.93272203 0.93074817 0.92783037
 0.9267767  0.92653312 0.92648739 0.92368627 0.92368627 0.92368627
 0.92368627 0.92368627 0.92368627 0.92368627 0.92368627 0.92368627
 0.92368627 0.92368627 0.92368627 0.92368627 0.92368627 0.92368627
 0.92368627]
22. Best individuals (target): [0.92368627 0.92368627 0.92368627 0.92368627 0.92368627 0.92368627
 0.92368627 0.92368627 0.92368627 0.92368627 0.92368627 0.92368627
 0.92368627 0.92368627 0.92368627 0.92368627 0.92648739 0.92653312
 0.9267767  0.92783037 0.93074817 0.93272203 0.93286354 0.93567239
 0.93567239 0.93567239 0.95224492 0.95224492 0.95224492 0.95224492
 0.95224492]Mean reward: 0.8924408863947597
Sessgen: 6.711408376693726, other: 0.0, select1: 0.005232334136962891, select2: 0.004409074783325195, select3: 0.0, fit: 0.15569734573364258, score: 0.0

23. Best individuals (reward): [0.95224492 0.95224492 0.95224492 0.95224492 0.95224492 0.95224492
 0.93567239 0.93567239 0.93567239 0.93567239 0.93286354 0.93272203
 0.93074817 0.92783037 0.9267767  0.92653312 0.92648739 0.92368627
 0.92368627 0.92368627 0.92368627 0.92368627 0.92368627 0.92368627
 0.92368627 0.92368627 0.92368627 0.92368627 0.92368627 0.92368627]
23. Best individuals (target): [0.92368627 0.92368627 0.92368627 0.92368627 0.92368627 0.92368627
 0.92368627 0.92368627 0.92368627 0.92368627 0.92368627 0.92368627
 0.92368627 0.92648739 0.92653312 0.9267767  0.92783037 0.93074817
 0.93272203 0.93286354 0.93567239 0.93567239 0.93567239 0.93567239
 0.95224492 0.95224492 0.95224492 0.95224492 0.95224492 0.95224492]Mean reward: 0.8930036302696882
Sessgen: 4.28293251991272, other: 0.0, select1: 0.001039743423461914, select2: 0.0, select3: 0.0, fit: 0.14197349548339844, score: 0.0

24. Best individuals (reward): [0.95224492 0.95224492 0.95224492 0.95224492 0.95224492 0.95224492
 0.95224492 0.93567239 0.93567239 0.93567239 0.93567239 0.93286354
 0.93272203 0.93074817 0.9286059  0.92783037 0.9267767  0.92671
 0.92653312 0.92648739 0.92368627 0.92368627 0.92368627 0.92368627
 0.92368627 0.92368627 0.92368627 0.92368627 0.92368627 0.92368627]
24. Best individuals (target): [0.92368627 0.92368627 0.92368627 0.92368627 0.92368627 0.92368627
 0.92368627 0.92368627 0.92368627 0.92368627 0.92648739 0.92653312
 0.92671    0.9267767  0.92783037 0.9286059  0.93074817 0.93272203
 0.93286354 0.93567239 0.93567239 0.93567239 0.93567239 0.95224492
 0.95224492 0.95224492 0.95224492 0.95224492 0.95224492 0.95224492]Mean reward: 0.8934928801852016
Sessgen: 6.477552652359009, other: 0.0009937286376953125, select1: 0.007871150970458984, select2: 0.0010008811950683594, select3: 0.0, fit: 0.18309521675109863, score: 0.001028299331665039

25. Best individuals (reward): [0.95407171 0.95224492 0.95224492 0.95224492 0.95224492 0.95224492
 0.95224492 0.95224492 0.95224492 0.95224492 0.95224492 0.93567239
 0.93567239 0.93567239 0.93567239 0.93567239 0.93286354 0.93272203
 0.93074817 0.9286059  0.92783037 0.9267767  0.92671    0.92653312
 0.92648739 0.92368627 0.92368627 0.92368627 0.92368627 0.92368627]
25. Best individuals (target): [0.92368627 0.92368627 0.92368627 0.92368627 0.92368627 0.92648739
 0.92653312 0.92671    0.9267767  0.92783037 0.9286059  0.93074817
 0.93272203 0.93286354 0.93567239 0.93567239 0.93567239 0.93567239
 0.93567239 0.95224492 0.95224492 0.95224492 0.95224492 0.95224492
 0.95224492 0.95224492 0.95224492 0.95224492 0.95224492 0.95407171]Mean reward: 0.8933049815664659
Sessgen: 7.393332004547119, other: 0.0, select1: 0.004286289215087891, select2: 0.0010004043579101562, select3: 0.0, fit: 0.09404301643371582, score: 0.0

26. Best individuals (reward): [0.95407171 0.95224492 0.95224492 0.95224492 0.95224492 0.95224492
 0.95224492 0.95224492 0.95224492 0.95224492 0.95224492 0.95224492
 0.93567239 0.93567239 0.93567239 0.93567239 0.93567239 0.93567239
 0.93342649 0.93286354 0.93272203 0.93074817 0.9286059  0.92783037
 0.9267767  0.92671    0.92653312 0.92648739 0.92368627 0.92368627]
26. Best individuals (target): [0.92368627 0.92368627 0.92648739 0.92653312 0.92671    0.9267767
 0.92783037 0.9286059  0.93074817 0.93272203 0.93286354 0.93342649
 0.93567239 0.93567239 0.93567239 0.93567239 0.93567239 0.93567239
 0.95224492 0.95224492 0.95224492 0.95224492 0.95224492 0.95224492
 0.95224492 0.95224492 0.95224492 0.95224492 0.95224492 0.95407171]Mean reward: 0.8910460059981449
Sessgen: 4.727235794067383, other: 0.0, select1: 0.003991365432739258, select2: 0.005434274673461914, select3: 0.0, fit: 0.15114951133728027, score: 0.0

27. Best individuals (reward): [0.95407171 0.95224492 0.95224492 0.95224492 0.95224492 0.95224492
 0.95224492 0.95224492 0.95224492 0.95224492 0.95224492 0.95224492
 0.95224492 0.95224492 0.93567239 0.93567239 0.93567239 0.93567239
 0.93567239 0.93567239 0.93567239 0.93342649 0.93286354 0.93272203
 0.93074817 0.9286059  0.92783037 0.9267767  0.92671    0.92653312
 0.92648739]
27. Best individuals (target): [0.92648739 0.92653312 0.92671    0.9267767  0.92783037 0.9286059
 0.93074817 0.93272203 0.93286354 0.93342649 0.93567239 0.93567239
 0.93567239 0.93567239 0.93567239 0.93567239 0.93567239 0.95224492
 0.95224492 0.95224492 0.95224492 0.95224492 0.95224492 0.95224492
 0.95224492 0.95224492 0.95224492 0.95224492 0.95224492 0.95224492
 0.95407171]Mean reward: 0.8971779432089295
Sessgen: 6.369976282119751, other: 0.0, select1: 0.004059553146362305, select2: 0.0, select3: 0.0, fit: 0.15424323081970215, score: 0.0

28. Best individuals (reward): [0.95407171 0.95224492 0.95224492 0.95224492 0.95224492 0.95224492
 0.95224492 0.95224492 0.95224492 0.95224492 0.95224492 0.95224492
 0.95224492 0.95224492 0.95224492 0.95224492 0.93567239 0.93567239
 0.93567239 0.93567239 0.93567239 0.93567239 0.93567239 0.93342649
 0.93286354 0.93272203 0.93074817 0.92904984 0.9286059  0.92783037
 0.9267767 ]
28. Best individuals (target): [0.9267767  0.92783037 0.9286059  0.92904984 0.93074817 0.93272203
 0.93286354 0.93342649 0.93567239 0.93567239 0.93567239 0.93567239
 0.93567239 0.93567239 0.93567239 0.95224492 0.95224492 0.95224492
 0.95224492 0.95224492 0.95224492 0.95224492 0.95224492 0.95224492
 0.95224492 0.95224492 0.95224492 0.95224492 0.95224492 0.95224492
 0.95407171]Mean reward: 0.8949566349302635
Sessgen: 5.201061487197876, other: 0.0, select1: 0.003913402557373047, select2: 0.0005345344543457031, select3: 0.0, fit: 0.08713006973266602, score: 0.0

29. Best individuals (reward): [0.95407171 0.95224492 0.95224492 0.95224492 0.95224492 0.95224492
 0.95224492 0.95224492 0.95224492 0.95224492 0.95224492 0.95224492
 0.95224492 0.95224492 0.95224492 0.95224492 0.95224492 0.93567239
 0.93567239 0.93567239 0.93567239 0.93567239 0.93567239 0.93567239
 0.93342649 0.93286354 0.93272203 0.93074817 0.92904984 0.9286059
 0.92783037]
29. Best individuals (target): [0.92783037 0.9286059  0.92904984 0.93074817 0.93272203 0.93286354
 0.93342649 0.93567239 0.93567239 0.93567239 0.93567239 0.93567239
 0.93567239 0.93567239 0.95224492 0.95224492 0.95224492 0.95224492
 0.95224492 0.95224492 0.95224492 0.95224492 0.95224492 0.95224492
 0.95224492 0.95224492 0.95224492 0.95224492 0.95224492 0.95224492
 0.95407171]Mean reward: 0.8935589737828546
Sessgen: 5.085287094116211, other: 0.0, select1: 0.006371736526489258, select2: 0.0015969276428222656, select3: 0.0, fit: 0.18069148063659668, score: 0.0009953975677490234

30. Best individuals (reward): [0.95407171 0.95224492 0.95224492 0.95224492 0.95224492 0.95224492
 0.95224492 0.95224492 0.95224492 0.95224492 0.95224492 0.95224492
 0.95224492 0.95224492 0.95224492 0.95224492 0.95224492 0.95224492
 0.95224492 0.93567239 0.93567239 0.93567239 0.93567239 0.93567239
 0.93567239 0.93567239 0.93567239 0.93567239 0.93342649 0.93286354
 0.93272203]
30. Best individuals (target): [0.93272203 0.93286354 0.93342649 0.93567239 0.93567239 0.93567239
 0.93567239 0.93567239 0.93567239 0.93567239 0.93567239 0.93567239
 0.95224492 0.95224492 0.95224492 0.95224492 0.95224492 0.95224492
 0.95224492 0.95224492 0.95224492 0.95224492 0.95224492 0.95224492
 0.95224492 0.95224492 0.95224492 0.95224492 0.95224492 0.95224492
 0.95407171]Mean reward: 0.8980563639788233
Sessgen: 7.3711020946502686, other: 0.0, select1: 0.004109382629394531, select2: 0.0, select3: 0.0039997100830078125, fit: 0.18123412132263184, score: 0.0

31. Best individuals (reward): [0.95407171 0.95224492 0.95224492 0.95224492 0.95224492 0.95224492
 0.95224492 0.95224492 0.95224492 0.95224492 0.95224492 0.95224492
 0.95224492 0.95224492 0.95224492 0.95224492 0.95224492 0.95224492
 0.95224492 0.95224492 0.95224492 0.95171774 0.93567239 0.93567239
 0.93567239 0.93567239 0.93567239 0.93567239 0.93567239 0.93567239
 0.93567239]
31. Best individuals (target): [0.93567239 0.93567239 0.93567239 0.93567239 0.93567239 0.93567239
 0.93567239 0.93567239 0.93567239 0.95171774 0.95224492 0.95224492
 0.95224492 0.95224492 0.95224492 0.95224492 0.95224492 0.95224492
 0.95224492 0.95224492 0.95224492 0.95224492 0.95224492 0.95224492
 0.95224492 0.95224492 0.95224492 0.95224492 0.95224492 0.95224492
 0.95407171]Mean reward: 0.9018788759442031
Sessgen: 4.821793794631958, other: 0.0, select1: 0.003999948501586914, select2: 0.0, select3: 0.0, fit: 0.16007542610168457, score: 0.0010323524475097656

32. Best individuals (reward): [0.95407171 0.95224492 0.95224492 0.95224492 0.95224492 0.95224492
 0.95224492 0.95224492 0.95224492 0.95224492 0.95224492 0.95224492
 0.95224492 0.95224492 0.95224492 0.95224492 0.95224492 0.95224492
 0.95224492 0.95224492 0.95224492 0.95224492 0.95171774 0.93567239
 0.93567239 0.93567239 0.93567239 0.93567239 0.93567239 0.93567239]
32. Best individuals (target): [0.93567239 0.93567239 0.93567239 0.93567239 0.93567239 0.93567239
 0.93567239 0.95171774 0.95224492 0.95224492 0.95224492 0.95224492
 0.95224492 0.95224492 0.95224492 0.95224492 0.95224492 0.95224492
 0.95224492 0.95224492 0.95224492 0.95224492 0.95224492 0.95224492
 0.95224492 0.95224492 0.95224492 0.95224492 0.95224492 0.95407171]Mean reward: 0.8966175544893851
Sessgen: 5.994478940963745, other: 0.0, select1: 0.0025849342346191406, select2: 0.0011756420135498047, select3: 0.0, fit: 0.16459965705871582, score: 0.0

33. Best individuals (reward): [0.95407171 0.95224492 0.95224492 0.95224492 0.95224492 0.95224492
 0.95224492 0.95224492 0.95224492 0.95224492 0.95224492 0.95224492
 0.95224492 0.95224492 0.95224492 0.95224492 0.95224492 0.95224492
 0.95224492 0.95224492 0.95224492 0.95224492 0.95171774 0.93567239
 0.93567239 0.93567239 0.93567239 0.93567239 0.93567239 0.93567239
 0.93567239]
33. Best individuals (target): [0.93567239 0.93567239 0.93567239 0.93567239 0.93567239 0.93567239
 0.93567239 0.93567239 0.95171774 0.95224492 0.95224492 0.95224492
 0.95224492 0.95224492 0.95224492 0.95224492 0.95224492 0.95224492
 0.95224492 0.95224492 0.95224492 0.95224492 0.95224492 0.95224492
 0.95224492 0.95224492 0.95224492 0.95224492 0.95224492 0.95224492
 0.95407171]Mean reward: 0.8961248589457023
Sessgen: 7.202054977416992, other: 0.0, select1: 0.0022363662719726562, select2: 0.0015664100646972656, select3: 0.0, fit: 0.12430167198181152, score: 0.0

34. Best individuals (reward): [0.95407171 0.95224492 0.95224492 0.95224492 0.95224492 0.95224492
 0.95224492 0.95224492 0.95224492 0.95224492 0.95224492 0.95224492
 0.95224492 0.95224492 0.95224492 0.95224492 0.95224492 0.95224492
 0.95224492 0.95224492 0.95224492 0.95224492 0.95224492 0.95224492
 0.95171774 0.93567239 0.93567239 0.93567239 0.93567239 0.93567239]
34. Best individuals (target): [0.93567239 0.93567239 0.93567239 0.93567239 0.93567239 0.95171774
 0.95224492 0.95224492 0.95224492 0.95224492 0.95224492 0.95224492
 0.95224492 0.95224492 0.95224492 0.95224492 0.95224492 0.95224492
 0.95224492 0.95224492 0.95224492 0.95224492 0.95224492 0.95224492
 0.95224492 0.95224492 0.95224492 0.95224492 0.95224492 0.95407171]Mean reward: 0.8969512251881833
Sessgen: 6.290193796157837, other: 0.0, select1: 0.0120697021484375, select2: 0.0, select3: 0.0, fit: 0.15453481674194336, score: 0.00052642822265625

35. Best individuals (reward): [0.95407171 0.95224492 0.95224492 0.95224492 0.95224492 0.95224492
 0.95224492 0.95224492 0.95224492 0.95224492 0.95224492 0.95224492
 0.95224492 0.95224492 0.95224492 0.95224492 0.95224492 0.95224492
 0.95224492 0.95224492 0.95224492 0.95224492 0.95224492 0.95224492
 0.95171774 0.93567239 0.93567239 0.93567239 0.93567239 0.93567239
 0.93567239]
35. Best individuals (target): [0.93567239 0.93567239 0.93567239 0.93567239 0.93567239 0.93567239
 0.95171774 0.95224492 0.95224492 0.95224492 0.95224492 0.95224492
 0.95224492 0.95224492 0.95224492 0.95224492 0.95224492 0.95224492
 0.95224492 0.95224492 0.95224492 0.95224492 0.95224492 0.95224492
 0.95224492 0.95224492 0.95224492 0.95224492 0.95224492 0.95224492
 0.95407171]Mean reward: 0.9048395362521433
Sessgen: 6.989749431610107, other: 0.0, select1: 0.00400543212890625, select2: 0.0, select3: 0.0, fit: 0.16235804557800293, score: 0.0

36. Best individuals (reward): [0.95407171 0.95224492 0.95224492 0.95224492 0.95224492 0.95224492
 0.95224492 0.95224492 0.95224492 0.95224492 0.95224492 0.95224492
 0.95224492 0.95224492 0.95224492 0.95224492 0.95224492 0.95224492
 0.95224492 0.95224492 0.95224492 0.95224492 0.95224492 0.95224492
 0.95224492 0.95224492 0.95171774 0.93567239 0.93567239 0.93567239]
36. Best individuals (target): [0.93567239 0.93567239 0.93567239 0.95171774 0.95224492 0.95224492
 0.95224492 0.95224492 0.95224492 0.95224492 0.95224492 0.95224492
 0.95224492 0.95224492 0.95224492 0.95224492 0.95224492 0.95224492
 0.95224492 0.95224492 0.95224492 0.95224492 0.95224492 0.95224492
 0.95224492 0.95224492 0.95224492 0.95224492 0.95224492 0.95407171]Mean reward: 0.8997039537121809
Sessgen: 5.605528831481934, other: 0.0011174678802490234, select1: 0.004048585891723633, select2: 0.004975795745849609, select3: 0.0003046989440917969, fit: 0.18320965766906738, score: 0.0010004043579101562

37. Best individuals (reward): [0.95407171 0.95224492 0.95224492 0.95224492 0.95224492 0.95224492
 0.95224492 0.95224492 0.95224492 0.95224492 0.95224492 0.95224492
 0.95224492 0.95224492 0.95224492 0.95224492 0.95224492 0.95224492
 0.95224492 0.95224492 0.95224492 0.95224492 0.95224492 0.95224492
 0.95224492 0.95224492 0.95224492 0.95224492 0.95224492 0.95171774
 0.93567239]
37. Best individuals (target): [0.93567239 0.95171774 0.95224492 0.95224492 0.95224492 0.95224492
 0.95224492 0.95224492 0.95224492 0.95224492 0.95224492 0.95224492
 0.95224492 0.95224492 0.95224492 0.95224492 0.95224492 0.95224492
 0.95224492 0.95224492 0.95224492 0.95224492 0.95224492 0.95224492
 0.95224492 0.95224492 0.95224492 0.95224492 0.95224492 0.95224492
 0.95407171]Mean reward: 0.901233183553492
Sessgen: 6.856642961502075, other: 0.0, select1: 0.0019843578338623047, select2: 0.0, select3: 0.0, fit: 0.16217875480651855, score: 0.0

38. Best individuals (reward): [0.95407171 0.95224492 0.95224492 0.95224492 0.95224492 0.95224492
 0.95224492 0.95224492 0.95224492 0.95224492 0.95224492 0.95224492
 0.95224492 0.95224492 0.95224492 0.95224492 0.95224492 0.95224492
 0.95224492 0.95224492 0.95224492 0.95224492 0.95224492 0.95224492
 0.95224492 0.95224492 0.95224492 0.95224492 0.95224492 0.95224492
 0.95224492]
38. Best individuals (target): [0.95224492 0.95224492 0.95224492 0.95224492 0.95224492 0.95224492
 0.95224492 0.95224492 0.95224492 0.95224492 0.95224492 0.95224492
 0.95224492 0.95224492 0.95224492 0.95224492 0.95224492 0.95224492
 0.95224492 0.95224492 0.95224492 0.95224492 0.95224492 0.95224492
 0.95224492 0.95224492 0.95224492 0.95224492 0.95224492 0.95224492
 0.95407171]Mean reward: 0.9033154114174642
Sessgen: 5.40153956413269, other: 0.0, select1: 0.0009992122650146484, select2: 0.0010037422180175781, select3: 0.0, fit: 0.0632469654083252, score: 0.0

39. Best individuals (reward): [0.95407171 0.95224492 0.95224492 0.95224492 0.95224492 0.95224492
 0.95224492 0.95224492 0.95224492 0.95224492 0.95224492 0.95224492
 0.95224492 0.95224492 0.95224492 0.95224492 0.95224492 0.95224492
 0.95224492 0.95224492 0.95224492 0.95224492 0.95224492 0.95224492
 0.95224492 0.95224492 0.95224492 0.95224492 0.95224492 0.95224492]
39. Best individuals (target): [0.95224492 0.95224492 0.95224492 0.95224492 0.95224492 0.95224492
 0.95224492 0.95224492 0.95224492 0.95224492 0.95224492 0.95224492
 0.95224492 0.95224492 0.95224492 0.95224492 0.95224492 0.95224492
 0.95224492 0.95224492 0.95224492 0.95224492 0.95224492 0.95224492
 0.95224492 0.95224492 0.95224492 0.95224492 0.95224492 0.95407171]Mean reward: 0.9040471881335594
Sessgen: 4.479003190994263, other: 0.0, select1: 0.0039997100830078125, select2: 0.0039997100830078125, select3: 0.0, fit: 0.13930249214172363, score: 0.0

40. Best individuals (reward): [0.95407171 0.95224492 0.95224492 0.95224492 0.95224492 0.95224492
 0.95224492 0.95224492 0.95224492 0.95224492 0.95224492 0.95224492
 0.95224492 0.95224492 0.95224492 0.95224492 0.95224492 0.95224492
 0.95224492 0.95224492 0.95224492 0.95224492 0.95224492 0.95224492
 0.95224492 0.95224492 0.95224492 0.95224492 0.95224492 0.95224492
 0.95224492]
40. Best individuals (target): [0.95224492 0.95224492 0.95224492 0.95224492 0.95224492 0.95224492
 0.95224492 0.95224492 0.95224492 0.95224492 0.95224492 0.95224492
 0.95224492 0.95224492 0.95224492 0.95224492 0.95224492 0.95224492
 0.95224492 0.95224492 0.95224492 0.95224492 0.95224492 0.95224492
 0.95224492 0.95224492 0.95224492 0.95224492 0.95224492 0.95224492
 0.95407171]Mean reward: 0.8992984441095646
Sessgen: 5.819618225097656, other: 0.0, select1: 0.0, select2: 0.004147529602050781, select3: 0.0, fit: 0.1593923568725586, score: 0.0

41. Best individuals (reward): [0.95407171 0.95336939 0.95224492 0.95224492 0.95224492 0.95224492
 0.95224492 0.95224492 0.95224492 0.95224492 0.95224492 0.95224492
 0.95224492 0.95224492 0.95224492 0.95224492 0.95224492 0.95224492
 0.95224492 0.95224492 0.95224492 0.95224492 0.95224492 0.95224492
 0.95224492 0.95224492 0.95224492 0.95224492 0.95224492 0.95224492]
41. Best individuals (target): [0.95224492 0.95224492 0.95224492 0.95224492 0.95224492 0.95224492
 0.95224492 0.95224492 0.95224492 0.95224492 0.95224492 0.95224492
 0.95224492 0.95224492 0.95224492 0.95224492 0.95224492 0.95224492
 0.95224492 0.95224492 0.95224492 0.95224492 0.95224492 0.95224492
 0.95224492 0.95224492 0.95224492 0.95224492 0.95336939 0.95407171]Mean reward: 0.9062775374836076
Sessgen: 5.818566799163818, other: 0.0, select1: 0.0075531005859375, select2: 0.0019960403442382812, select3: 0.0009963512420654297, fit: 0.1775040626525879, score: 0.0

42. Best individuals (reward): [0.95407171 0.95336939 0.95224492 0.95224492 0.95224492 0.95224492
 0.95224492 0.95224492 0.95224492 0.95224492 0.95224492 0.95224492
 0.95224492 0.95224492 0.95224492 0.95224492 0.95224492 0.95224492
 0.95224492 0.95224492 0.95224492 0.95224492 0.95224492 0.95224492
 0.95224492 0.95224492 0.95224492 0.95224492 0.95224492 0.95224492
 0.95224492]
42. Best individuals (target): [0.95224492 0.95224492 0.95224492 0.95224492 0.95224492 0.95224492
 0.95224492 0.95224492 0.95224492 0.95224492 0.95224492 0.95224492
 0.95224492 0.95224492 0.95224492 0.95224492 0.95224492 0.95224492
 0.95224492 0.95224492 0.95224492 0.95224492 0.95224492 0.95224492
