
0. Best individuals (reward): [0.82612912 0.77787591 0.77566087 0.77470887 0.76137778 0.75424876
 0.74930419 0.74820659 0.74528165 0.74194493 0.73519492 0.73325897
 0.72901057 0.72822233 0.72202696 0.71664406 0.71527615 0.71449957
 0.71383322 0.71121917 0.70551015 0.70071333 0.69768688 0.69637496
 0.69212053 0.69152074 0.68736952 0.68661362 0.68572497 0.68501899
 0.68481072 0.68291955 0.68024049 0.67997833 0.67935592 0.67700032
 0.67469984 0.67463091 0.67129346 0.66964598]
0. Best individuals (target): [0.66964598 0.67129346 0.67463091 0.67469984 0.67700032 0.67935592
 0.67997833 0.68024049 0.68291955 0.68481072 0.68501899 0.68572497
 0.68661362 0.68736952 0.69152074 0.69212053 0.69637496 0.69768688
 0.70071333 0.70551015 0.71121917 0.71383322 0.71449957 0.71527615
 0.71664406 0.72202696 0.72822233 0.72901057 0.73325897 0.73519492
 0.74194493 0.74528165 0.74820659 0.74930419 0.75424876 0.76137778
 0.77470887 0.77566087 0.77787591 0.82612912]Mean reward: 0.6695850046949898
Sessgen: 2.6970763206481934, other: 0.0, select1: 0.0019979476928710938, select2: 0.0010046958923339844, select3: 0.0, fit: 0.7698185443878174, score: 0.0010020732879638672

1. Best individuals (reward): [0.82612912 0.79668023 0.77787591 0.77566087 0.77470887 0.76137778
 0.75901695 0.75424876 0.74930419 0.74820659 0.74528165 0.74345486
 0.74194493 0.7400792  0.74003179 0.73534283 0.73519492 0.73325897
 0.73008015 0.72901057 0.72822233 0.72782764 0.72202696 0.71751353
 0.7171219  0.71664406 0.71527615 0.71509382 0.71449957 0.71383322
 0.71291846 0.71290048 0.71121917 0.70876732 0.70720589 0.70676112
 0.70668044 0.70551015 0.70509989 0.70071333 0.70001898 0.69937551]
1. Best individuals (target): [0.69937551 0.70001898 0.70071333 0.70509989 0.70551015 0.70668044
 0.70676112 0.70720589 0.70876732 0.71121917 0.71290048 0.71291846
 0.71383322 0.71449957 0.71509382 0.71527615 0.71664406 0.7171219
 0.71751353 0.72202696 0.72782764 0.72822233 0.72901057 0.73008015
 0.73325897 0.73519492 0.73534283 0.74003179 0.7400792  0.74194493
 0.74345486 0.74528165 0.74820659 0.74930419 0.75424876 0.75901695
 0.76137778 0.77470887 0.77566087 0.77787591 0.79668023 0.82612912]Mean reward: 0.6987902087380704
Sessgen: 2.893017292022705, other: 0.0, select1: 0.0019927024841308594, select2: 0.0, select3: 0.0, fit: 0.08440613746643066, score: 0.0

2. Best individuals (reward): [0.82612912 0.79668023 0.77787591 0.77757419 0.77566087 0.77470887
 0.76137778 0.75901695 0.7543531  0.75424876 0.75107134 0.74930419
 0.74820659 0.74528165 0.74345486 0.74279841 0.74194493 0.74157839
 0.7400792  0.74003179 0.73805147 0.73534283 0.73524255 0.73519492
 0.73325897 0.73082709 0.73008015 0.72901057 0.72822233 0.72782764
 0.72640828 0.72398951 0.72328115 0.72202696 0.71969359 0.71751353
 0.7171219  0.71664406 0.71527615 0.71509382 0.71449957 0.71427354]
2. Best individuals (target): [0.71427354 0.71449957 0.71509382 0.71527615 0.71664406 0.7171219
 0.71751353 0.71969359 0.72202696 0.72328115 0.72398951 0.72640828
 0.72782764 0.72822233 0.72901057 0.73008015 0.73082709 0.73325897
 0.73519492 0.73524255 0.73534283 0.73805147 0.74003179 0.7400792
 0.74157839 0.74194493 0.74279841 0.74345486 0.74528165 0.74820659
 0.74930419 0.75107134 0.75424876 0.7543531  0.75901695 0.76137778
 0.77470887 0.77566087 0.77757419 0.77787591 0.79668023 0.82612912]Mean reward: 0.7090297542958729
Sessgen: 3.1267964839935303, other: 0.0, select1: 0.002002239227294922, select2: 0.0009984970092773438, select3: 0.0, fit: 0.08400845527648926, score: 0.0

3. Best individuals (reward): [0.82612912 0.79668023 0.77996913 0.77787591 0.77757419 0.77566087
 0.77470887 0.76137778 0.75901695 0.7543531  0.75424876 0.75107134
 0.75049336 0.74930419 0.74820659 0.74528165 0.74345486 0.74279841
 0.74194493 0.74157839 0.74008532 0.7400792  0.74003179 0.73952463
 0.73805147 0.73534283 0.73524255 0.73519492 0.73390013 0.73325897
 0.73082709 0.73008015 0.72901057 0.72822233 0.72782764 0.72718004
 0.72640828 0.7256526  0.72443945 0.72398951 0.72328115 0.72202696]
3. Best individuals (target): [0.72202696 0.72328115 0.72398951 0.72443945 0.7256526  0.72640828
 0.72718004 0.72782764 0.72822233 0.72901057 0.73008015 0.73082709
 0.73325897 0.73390013 0.73519492 0.73524255 0.73534283 0.73805147
 0.73952463 0.74003179 0.7400792  0.74008532 0.74157839 0.74194493
 0.74279841 0.74345486 0.74528165 0.74820659 0.74930419 0.75049336
 0.75107134 0.75424876 0.7543531  0.75901695 0.76137778 0.77470887
 0.77566087 0.77757419 0.77787591 0.77996913 0.79668023 0.82612912]Mean reward: 0.7047884624509936
Sessgen: 2.9979612827301025, other: 0.0, select1: 0.0020008087158203125, select2: 0.0, select3: 0.0, fit: 0.07887887954711914, score: 0.0

4. Best individuals (reward): [0.82612912 0.81210895 0.79668023 0.77996913 0.77855384 0.77787591
 0.77757419 0.77566087 0.77470887 0.77261136 0.76770633 0.76137778
 0.75901695 0.7543531  0.75424876 0.75107134 0.75049336 0.74930419
 0.74820659 0.74528165 0.74345486 0.74279841 0.74194493 0.74157839
 0.74008532 0.7400792  0.74003179 0.73952463 0.73805147 0.73534283
 0.73524255 0.73519492 0.73421505 0.73390013 0.73325897 0.73082709
 0.73008015 0.72959532 0.72901057 0.72875363 0.72822233 0.7279559 ]
4. Best individuals (target): [0.7279559  0.72822233 0.72875363 0.72901057 0.72959532 0.73008015
 0.73082709 0.73325897 0.73390013 0.73421505 0.73519492 0.73524255
 0.73534283 0.73805147 0.73952463 0.74003179 0.7400792  0.74008532
 0.74157839 0.74194493 0.74279841 0.74345486 0.74528165 0.74820659
 0.74930419 0.75049336 0.75107134 0.75424876 0.7543531  0.75901695
 0.76137778 0.76770633 0.77261136 0.77470887 0.77566087 0.77757419
 0.77787591 0.77855384 0.77996913 0.79668023 0.81210895 0.82612912]Mean reward: 0.7107087540020003
Sessgen: 2.9042980670928955, other: 0.0, select1: 0.002000093460083008, select2: 0.00099945068359375, select3: 0.0, fit: 0.1380000114440918, score: 0.0

5. Best individuals (reward): [0.82612912 0.81210895 0.79668023 0.78680806 0.78261599 0.77996913
 0.77855384 0.77787591 0.77757419 0.77566087 0.77470887 0.77261136
 0.76770633 0.76137778 0.75901695 0.7543531  0.75424876 0.75226007
 0.75107134 0.75049336 0.74930419 0.74820659 0.74528165 0.74345486
 0.74279841 0.74274167 0.74194493 0.74157839 0.74022164 0.74008532
 0.7400792  0.74003179 0.73952463 0.73875346 0.73831644 0.73805147
 0.73534283 0.73524255 0.73519492 0.73421505 0.73390013 0.73325897]
5. Best individuals (target): [0.73325897 0.73390013 0.73421505 0.73519492 0.73524255 0.73534283
 0.73805147 0.73831644 0.73875346 0.73952463 0.74003179 0.7400792
 0.74008532 0.74022164 0.74157839 0.74194493 0.74274167 0.74279841
 0.74345486 0.74528165 0.74820659 0.74930419 0.75049336 0.75107134
 0.75226007 0.75424876 0.7543531  0.75901695 0.76137778 0.76770633
 0.77261136 0.77470887 0.77566087 0.77757419 0.77787591 0.77855384
 0.77996913 0.78261599 0.78680806 0.79668023 0.81210895 0.82612912]Mean reward: 0.7158951681942728
Sessgen: 3.3404316902160645, other: 0.0, select1: 0.0019991397857666016, select2: 0.001003265380859375, select3: 0.0, fit: 0.09399724006652832, score: 0.001003265380859375

6. Best individuals (reward): [0.82612912 0.81210895 0.79668023 0.78680806 0.78261599 0.77996913
 0.77855384 0.77787591 0.77757419 0.77566087 0.77470887 0.77417118
 0.77261136 0.76805678 0.76770633 0.76505877 0.76212672 0.76144103
 0.76137778 0.75901695 0.75864559 0.75769635 0.75606412 0.75450706
 0.7543531  0.75424876 0.75388456 0.75226007 0.75107134 0.75049336
 0.74930419 0.74820659 0.74528165 0.74345486 0.74279841 0.74274167
 0.74194493 0.74157839 0.74022164 0.74008532 0.7400792  0.74003179]
6. Best individuals (target): [0.74003179 0.7400792  0.74008532 0.74022164 0.74157839 0.74194493
 0.74274167 0.74279841 0.74345486 0.74528165 0.74820659 0.74930419
 0.75049336 0.75107134 0.75226007 0.75388456 0.75424876 0.7543531
 0.75450706 0.75606412 0.75769635 0.75864559 0.75901695 0.76137778
 0.76144103 0.76212672 0.76505877 0.76770633 0.76805678 0.77261136
 0.77417118 0.77470887 0.77566087 0.77757419 0.77787591 0.77855384
 0.77996913 0.78261599 0.78680806 0.79668023 0.81210895 0.82612912]Mean reward: 0.7261817490666794
Sessgen: 2.8781511783599854, other: 0.0, select1: 0.0019998550415039062, select2: 0.0009999275207519531, select3: 0.0, fit: 0.1120004653930664, score: 0.000993967056274414

7. Best individuals (reward): [0.82612912 0.81210895 0.79668023 0.78680806 0.78261599 0.77996913
 0.77855384 0.77787591 0.77757419 0.77566087 0.77470887 0.77417118
 0.77261136 0.76874343 0.76805678 0.76770633 0.76505877 0.76212672
 0.76144103 0.76137778 0.75901695 0.75864559 0.75769635 0.75606412
 0.75450706 0.7543531  0.75424876 0.75388456 0.75226007 0.75107134
 0.75059715 0.75049336 0.74930419 0.74820659 0.74528165 0.74345486
 0.74279841 0.74274167 0.74194493 0.74157839 0.74058639 0.74022164]
7. Best individuals (target): [0.74022164 0.74058639 0.74157839 0.74194493 0.74274167 0.74279841
 0.74345486 0.74528165 0.74820659 0.74930419 0.75049336 0.75059715
 0.75107134 0.75226007 0.75388456 0.75424876 0.7543531  0.75450706
 0.75606412 0.75769635 0.75864559 0.75901695 0.76137778 0.76144103
 0.76212672 0.76505877 0.76770633 0.76805678 0.76874343 0.77261136
 0.77417118 0.77470887 0.77566087 0.77757419 0.77787591 0.77855384
 0.77996913 0.78261599 0.78680806 0.79668023 0.81210895 0.82612912]Mean reward: 0.7178106403915269
Sessgen: 2.783818006515503, other: 0.0, select1: 0.002000570297241211, select2: 0.0009992122650146484, select3: 0.0, fit: 0.08799886703491211, score: 0.0010013580322265625

8. Best individuals (reward): [0.83692411 0.83156065 0.82612912 0.82317982 0.81210895 0.79668023
 0.78767003 0.78680806 0.78261599 0.77996913 0.77855384 0.77787591
 0.77757419 0.77566087 0.77470887 0.77417118 0.77261136 0.76874343
 0.76805678 0.76770633 0.76505877 0.76212672 0.76144103 0.76137778
 0.76027233 0.75901695 0.75876717 0.75864559 0.75769635 0.75606412
 0.75450706 0.7543531  0.75424876 0.75388456 0.75226007 0.75107134
 0.75059715 0.75049336 0.74930419 0.74820659 0.74528165 0.74345486]
8. Best individuals (target): [0.74345486 0.74528165 0.74820659 0.74930419 0.75049336 0.75059715
 0.75107134 0.75226007 0.75388456 0.75424876 0.7543531  0.75450706
 0.75606412 0.75769635 0.75864559 0.75876717 0.75901695 0.76027233
 0.76137778 0.76144103 0.76212672 0.76505877 0.76770633 0.76805678
 0.76874343 0.77261136 0.77417118 0.77470887 0.77566087 0.77757419
 0.77787591 0.77855384 0.77996913 0.78261599 0.78680806 0.78767003
 0.79668023 0.81210895 0.82317982 0.82612912 0.83156065 0.83692411]Mean reward: 0.7235072294992833
Sessgen: 3.0115678310394287, other: 0.0, select1: 0.0009982585906982422, select2: 0.0009992122650146484, select3: 0.0, fit: 0.07272744178771973, score: 0.0

9. Best individuals (reward): [0.83692411 0.83156065 0.82612912 0.82317982 0.81210895 0.80655378
 0.79668023 0.78767003 0.78680806 0.78261599 0.77996913 0.77855384
 0.77787591 0.77757419 0.77566087 0.77475081 0.77470887 0.77417118
 0.77261136 0.76874343 0.76805678 0.76770633 0.76505877 0.76212672
 0.76144103 0.76137778 0.76027233 0.75901695 0.75897532 0.75876717
 0.75864559 0.75769635 0.75690762 0.75606412 0.75450706 0.7543531
 0.75424876 0.75388456 0.75327044 0.75226007 0.75107134 0.75086114]
9. Best individuals (target): [0.75086114 0.75107134 0.75226007 0.75327044 0.75388456 0.75424876
 0.7543531  0.75450706 0.75606412 0.75690762 0.75769635 0.75864559
 0.75876717 0.75897532 0.75901695 0.76027233 0.76137778 0.76144103
 0.76212672 0.76505877 0.76770633 0.76805678 0.76874343 0.77261136
 0.77417118 0.77470887 0.77475081 0.77566087 0.77757419 0.77787591
 0.77855384 0.77996913 0.78261599 0.78680806 0.78767003 0.79668023
 0.80655378 0.81210895 0.82317982 0.82612912 0.83156065 0.83692411]Mean reward: 0.7274867727083023
Sessgen: 3.01353120803833, other: 0.0, select1: 0.0020406246185302734, select2: 0.0009989738464355469, select3: 0.0, fit: 0.07767176628112793, score: 0.0

10. Best individuals (reward): [0.83692411 0.83156065 0.82612912 0.82317982 0.81210895 0.80903422
 0.80655378 0.79848989 0.79668023 0.78767003 0.78680806 0.78261599
 0.77996913 0.77855384 0.77787591 0.77757419 0.77566087 0.77475081
 0.77470887 0.77417118 0.77261136 0.76874343 0.76805678 0.76770633
 0.76505877 0.76212672 0.76144103 0.76137778 0.76027233 0.75915405
 0.75901695 0.75897532 0.75876717 0.75864559 0.75769635 0.75690762
 0.75606412 0.75450706 0.7543531  0.75424876 0.75388456 0.75327044]
10. Best individuals (target): [0.75327044 0.75388456 0.75424876 0.7543531  0.75450706 0.75606412
 0.75690762 0.75769635 0.75864559 0.75876717 0.75897532 0.75901695
 0.75915405 0.76027233 0.76137778 0.76144103 0.76212672 0.76505877
 0.76770633 0.76805678 0.76874343 0.77261136 0.77417118 0.77470887
 0.77475081 0.77566087 0.77757419 0.77787591 0.77855384 0.77996913
 0.78261599 0.78680806 0.78767003 0.79668023 0.79848989 0.80655378
 0.80903422 0.81210895 0.82317982 0.82612912 0.83156065 0.83692411]Mean reward: 0.7292635239166333
Sessgen: 2.963554859161377, other: 0.0, select1: 0.0019998550415039062, select2: 0.0, select3: 0.0, fit: 0.08208179473876953, score: 0.0

11. Best individuals (reward): [0.83692411 0.83682121 0.83156065 0.82612912 0.82317982 0.81210895
 0.80903422 0.80655378 0.79848989 0.79668023 0.79123644 0.78767003
 0.78680806 0.78261599 0.77996913 0.77855384 0.77787591 0.77757419
 0.77616545 0.77566087 0.77475081 0.77470887 0.77417118 0.77281534
 0.77261136 0.76874343 0.76805678 0.76770633 0.76585846 0.76505877
 0.76225263 0.76212672 0.76144103 0.76137778 0.76027233 0.75915405
 0.75901695 0.75897532 0.75876717 0.75864559 0.75769635 0.75690762]
11. Best individuals (target): [0.75690762 0.75769635 0.75864559 0.75876717 0.75897532 0.75901695
 0.75915405 0.76027233 0.76137778 0.76144103 0.76212672 0.76225263
 0.76505877 0.76585846 0.76770633 0.76805678 0.76874343 0.77261136
 0.77281534 0.77417118 0.77470887 0.77475081 0.77566087 0.77616545
 0.77757419 0.77787591 0.77855384 0.77996913 0.78261599 0.78680806
 0.78767003 0.79123644 0.79668023 0.79848989 0.80655378 0.80903422
 0.81210895 0.82317982 0.82612912 0.83156065 0.83682121 0.83692411]Mean reward: 0.7281887070475672
Sessgen: 3.1158993244171143, other: 0.0, select1: 0.0019922256469726562, select2: 0.0, select3: 0.0, fit: 0.07909154891967773, score: 0.0

12. Best individuals (reward): [0.83692411 0.83682121 0.83156065 0.82612912 0.82317982 0.81210895
 0.80903422 0.80655378 0.79848989 0.79668023 0.79123644 0.78767003
 0.78680806 0.78261599 0.77996913 0.77855384 0.77787591 0.77757419
 0.77616545 0.77566087 0.77475081 0.77470887 0.77417118 0.77281534
 0.77261136 0.76874343 0.76805678 0.76770633 0.76585846 0.76505877
 0.76316512 0.76225263 0.76212672 0.76144103 0.76137778 0.76027233
 0.75980583 0.75915405 0.75901695 0.75897532 0.75876717 0.75864559]
12. Best individuals (target): [0.75864559 0.75876717 0.75897532 0.75901695 0.75915405 0.75980583
 0.76027233 0.76137778 0.76144103 0.76212672 0.76225263 0.76316512
 0.76505877 0.76585846 0.76770633 0.76805678 0.76874343 0.77261136
 0.77281534 0.77417118 0.77470887 0.77475081 0.77566087 0.77616545
 0.77757419 0.77787591 0.77855384 0.77996913 0.78261599 0.78680806
 0.78767003 0.79123644 0.79668023 0.79848989 0.80655378 0.80903422
 0.81210895 0.82317982 0.82612912 0.83156065 0.83682121 0.83692411]Mean reward: 0.7309504072001504
Sessgen: 3.030980110168457, other: 0.0009529590606689453, select1: 0.0010457038879394531, select2: 0.0, select3: 0.0009996891021728516, fit: 0.07411026954650879, score: 0.0

13. Best individuals (reward): [0.83692411 0.83682121 0.83156065 0.82612912 0.82317982 0.81210895
 0.80903422 0.80655378 0.8043848  0.79848989 0.79668023 0.79123644
 0.78767003 0.78680806 0.78582704 0.78261599 0.77996913 0.77855384
 0.77787591 0.77757419 0.77616545 0.77566087 0.77475081 0.77470887
 0.77417118 0.77281534 0.77261136 0.76874343 0.76805678 0.76770633
 0.76645276 0.76585846 0.76505877 0.76316512 0.76225263 0.76212672
 0.76144103 0.76137778 0.76027233 0.75980583 0.75915405 0.75901695]
13. Best individuals (target): [0.75901695 0.75915405 0.75980583 0.76027233 0.76137778 0.76144103
 0.76212672 0.76225263 0.76316512 0.76505877 0.76585846 0.76645276
 0.76770633 0.76805678 0.76874343 0.77261136 0.77281534 0.77417118
 0.77470887 0.77475081 0.77566087 0.77616545 0.77757419 0.77787591
 0.77855384 0.77996913 0.78261599 0.78582704 0.78680806 0.78767003
 0.79123644 0.79668023 0.79848989 0.8043848  0.80655378 0.80903422
 0.81210895 0.82317982 0.82612912 0.83156065 0.83682121 0.83692411]Mean reward: 0.7355364977363604
Sessgen: 3.0801515579223633, other: 0.0, select1: 0.0020017623901367188, select2: 0.0, select3: 0.0, fit: 0.07900691032409668, score: 0.0

14. Best individuals (reward): [0.83692411 0.83682121 0.83156065 0.83106802 0.82612912 0.82317982
 0.81278013 0.81210895 0.80903422 0.80673659 0.80655378 0.8043848
 0.79848989 0.79668023 0.79123644 0.78767003 0.78680806 0.78582704
 0.78536883 0.78502399 0.78261599 0.77996913 0.77855384 0.77787591
 0.77757419 0.77616545 0.77566087 0.77475081 0.77470887 0.77417118
 0.77281534 0.77261136 0.77250875 0.77100454 0.76874343 0.76805678
 0.76770633 0.76645276 0.76585846 0.76505877 0.76330455 0.76316512]
14. Best individuals (target): [0.76316512 0.76330455 0.76505877 0.76585846 0.76645276 0.76770633
 0.76805678 0.76874343 0.77100454 0.77250875 0.77261136 0.77281534
 0.77417118 0.77470887 0.77475081 0.77566087 0.77616545 0.77757419
 0.77787591 0.77855384 0.77996913 0.78261599 0.78502399 0.78536883
 0.78582704 0.78680806 0.78767003 0.79123644 0.79668023 0.79848989
 0.8043848  0.80655378 0.80673659 0.80903422 0.81210895 0.81278013
 0.82317982 0.82612912 0.83106802 0.83156065 0.83682121 0.83692411]Mean reward: 0.7388117467013842
Sessgen: 3.366269826889038, other: 0.0, select1: 0.0019555091857910156, select2: 0.0, select3: 0.0, fit: 0.08686590194702148, score: 0.0010027885437011719

15. Best individuals (reward): [0.83692411 0.83682121 0.83156065 0.83106802 0.82612912 0.82317982
 0.81278013 0.81210895 0.80903422 0.80673659 0.80655378 0.8043848
 0.79848989 0.79668023 0.79123644 0.78937667 0.78767003 0.78680806
 0.78582704 0.78536883 0.78502399 0.78261599 0.77996913 0.77855384
 0.77787591 0.77757419 0.77616545 0.77566087 0.77475081 0.77470887
 0.77417118 0.77281534 0.77261136 0.77250875 0.77100454 0.76957761
 0.76874343 0.76805678 0.76770633 0.76645276 0.76585846 0.76505877]
15. Best individuals (target): [0.76505877 0.76585846 0.76645276 0.76770633 0.76805678 0.76874343
 0.76957761 0.77100454 0.77250875 0.77261136 0.77281534 0.77417118
 0.77470887 0.77475081 0.77566087 0.77616545 0.77757419 0.77787591
 0.77855384 0.77996913 0.78261599 0.78502399 0.78536883 0.78582704
 0.78680806 0.78767003 0.78937667 0.79123644 0.79668023 0.79848989
 0.8043848  0.80655378 0.80673659 0.80903422 0.81210895 0.81278013
 0.82317982 0.82612912 0.83106802 0.83156065 0.83682121 0.83692411]Mean reward: 0.7390934760690573
Sessgen: 3.169569969177246, other: 0.0, select1: 0.0016026496887207031, select2: 0.0, select3: 0.0, fit: 0.07895135879516602, score: 0.0

16. Best individuals (reward): [0.83692411 0.83682121 0.83156065 0.83106802 0.82833879 0.82612912
 0.82317982 0.81278013 0.81210895 0.81208043 0.80903422 0.80673659
 0.80655378 0.80599647 0.8043848  0.79848989 0.79668023 0.79123644
 0.78937667 0.78767003 0.78680806 0.78582704 0.78536883 0.78502399
 0.78261599 0.77996913 0.77855384 0.77787591 0.77757419 0.77616545
 0.77566087 0.77475081 0.77470887 0.77417118 0.77281534 0.77261136
 0.77250875 0.77100454 0.76991538 0.76957761 0.76874343 0.76805678]
16. Best individuals (target): [0.76805678 0.76874343 0.76957761 0.76991538 0.77100454 0.77250875
 0.77261136 0.77281534 0.77417118 0.77470887 0.77475081 0.77566087
 0.77616545 0.77757419 0.77787591 0.77855384 0.77996913 0.78261599
 0.78502399 0.78536883 0.78582704 0.78680806 0.78767003 0.78937667
 0.79123644 0.79668023 0.79848989 0.8043848  0.80599647 0.80655378
 0.80673659 0.80903422 0.81208043 0.81210895 0.81278013 0.82317982
 0.82612912 0.82833879 0.83106802 0.83156065 0.83682121 0.83692411]Mean reward: 0.7409231664371752
Sessgen: 3.2292261123657227, other: 0.0, select1: 0.002004384994506836, select2: 0.0009968280792236328, select3: 0.0, fit: 0.07961773872375488, score: 0.0

17. Best individuals (reward): [0.83692411 0.83682121 0.83156065 0.83106802 0.82833879 0.82612912
 0.82317982 0.81278013 0.81210895 0.81208043 0.80903422 0.80673659
 0.80655378 0.80599647 0.8043848  0.79945673 0.79848989 0.79668023
 0.79123644 0.78937667 0.78767003 0.78680806 0.78582704 0.78536883
 0.78502399 0.78261599 0.77996913 0.77855384 0.77787591 0.77757419
 0.77616545 0.77566087 0.77475081 0.77470887 0.77417118 0.77281534
 0.77261136 0.7725455  0.77250875 0.77100454 0.76991538 0.76957761]
17. Best individuals (target): [0.76957761 0.76991538 0.77100454 0.77250875 0.7725455  0.77261136
 0.77281534 0.77417118 0.77470887 0.77475081 0.77566087 0.77616545
 0.77757419 0.77787591 0.77855384 0.77996913 0.78261599 0.78502399
 0.78536883 0.78582704 0.78680806 0.78767003 0.78937667 0.79123644
 0.79668023 0.79848989 0.79945673 0.8043848  0.80599647 0.80655378
 0.80673659 0.80903422 0.81208043 0.81210895 0.81278013 0.82317982
 0.82612912 0.82833879 0.83106802 0.83156065 0.83682121 0.83692411]Mean reward: 0.7380531790583816
Sessgen: 3.305943012237549, other: 0.0009996891021728516, select1: 0.0010001659393310547, select2: 0.0010006427764892578, select3: 0.0, fit: 0.095001220703125, score: 0.0

18. Best individuals (reward): [0.83692411 0.83682121 0.83156065 0.83106802 0.82833879 0.82612912
 0.82317982 0.81278013 0.81210895 0.81208043 0.80903422 0.80673659
 0.80655378 0.80599647 0.8043848  0.79945673 0.79848989 0.79668023
 0.7931828  0.79308097 0.79123644 0.78937667 0.7892858  0.78767003
 0.78680806 0.78582704 0.78536883 0.78502399 0.782651   0.78261599
 0.77996913 0.77855384 0.77787591 0.77757419 0.77616545 0.77566087
 0.77475081 0.77470887 0.77417118 0.77281534 0.77261136 0.7725455 ]
18. Best individuals (target): [0.7725455  0.77261136 0.77281534 0.77417118 0.77470887 0.77475081
 0.77566087 0.77616545 0.77757419 0.77787591 0.77855384 0.77996913
 0.78261599 0.782651   0.78502399 0.78536883 0.78582704 0.78680806
 0.78767003 0.7892858  0.78937667 0.79123644 0.79308097 0.7931828
 0.79668023 0.79848989 0.79945673 0.8043848  0.80599647 0.80655378
 0.80673659 0.80903422 0.81208043 0.81210895 0.81278013 0.82317982
 0.82612912 0.82833879 0.83106802 0.83156065 0.83682121 0.83692411]Mean reward: 0.7421973409116549
Sessgen: 3.4317970275878906, other: 0.0, select1: 0.0009980201721191406, select2: 0.0009989738464355469, select3: 0.0, fit: 0.08625149726867676, score: 0.0

19. Best individuals (reward): [0.83692411 0.83682121 0.83156065 0.83106802 0.82833879 0.82612912
 0.82317982 0.81278013 0.81210895 0.81208043 0.80903422 0.80698213
 0.80673659 0.80655378 0.80599647 0.8043848  0.80415165 0.79945673
 0.79848989 0.79668023 0.7931828  0.79308097 0.79123644 0.78937667
 0.7892858  0.78767003 0.78680806 0.78582704 0.78536883 0.78502399
 0.782651   0.78261599 0.77996913 0.77855384 0.77787591 0.77757419
 0.77616545 0.77566087 0.77475081 0.77470887 0.77417118 0.77281534]
19. Best individuals (target): [0.77281534 0.77417118 0.77470887 0.77475081 0.77566087 0.77616545
 0.77757419 0.77787591 0.77855384 0.77996913 0.78261599 0.782651
 0.78502399 0.78536883 0.78582704 0.78680806 0.78767003 0.7892858
 0.78937667 0.79123644 0.79308097 0.7931828  0.79668023 0.79848989
 0.79945673 0.80415165 0.8043848  0.80599647 0.80655378 0.80673659
 0.80698213 0.80903422 0.81208043 0.81210895 0.81278013 0.82317982
 0.82612912 0.82833879 0.83106802 0.83156065 0.83682121 0.83692411]Mean reward: 0.738733954430481
Sessgen: 3.288482666015625, other: 0.0, select1: 0.0009987354278564453, select2: 0.0009989738464355469, select3: 0.0, fit: 0.08019518852233887, score: 0.0

20. Best individuals (reward): [0.83692411 0.83682121 0.83156065 0.83106802 0.82833879 0.82612912
 0.82317982 0.81278013 0.81210895 0.81208043 0.80903422 0.80698213
 0.80673659 0.80655378 0.80599647 0.8043848  0.80415165 0.79945673
 0.79848989 0.79668023 0.7931828  0.79308097 0.79123644 0.78937667
 0.7892858  0.78767003 0.78680806 0.78582704 0.78536883 0.78502399
 0.782651   0.78261599 0.78161734 0.77996913 0.77855384 0.77787591
 0.77757419 0.77616545 0.77566087 0.77475081 0.77470887 0.77417118]
20. Best individuals (target): [0.77417118 0.77470887 0.77475081 0.77566087 0.77616545 0.77757419
 0.77787591 0.77855384 0.77996913 0.78161734 0.78261599 0.782651
 0.78502399 0.78536883 0.78582704 0.78680806 0.78767003 0.7892858
 0.78937667 0.79123644 0.79308097 0.7931828  0.79668023 0.79848989
 0.79945673 0.80415165 0.8043848  0.80599647 0.80655378 0.80673659
 0.80698213 0.80903422 0.81208043 0.81210895 0.81278013 0.82317982
 0.82612912 0.82833879 0.83106802 0.83156065 0.83682121 0.83692411]Mean reward: 0.7443740057714578
Sessgen: 3.533825635910034, other: 0.0, select1: 0.0010001659393310547, select2: 0.0015745162963867188, select3: 0.0, fit: 0.08518671989440918, score: 0.0010006427764892578

21. Best individuals (reward): [0.83692411 0.83682121 0.83156065 0.83106802 0.82833879 0.82612912
 0.82317982 0.81278013 0.81210895 0.81208043 0.80903422 0.80698213
 0.80673659 0.80655378 0.80599647 0.8043848  0.80415165 0.79945673
 0.79848989 0.79668023 0.7931828  0.79308097 0.79123644 0.78937667
 0.7892858  0.78767003 0.78680806 0.78582704 0.78536883 0.78502399
 0.782651   0.78261599 0.78164553 0.78161734 0.77996913 0.77855384
 0.77787591 0.77757419 0.77616545 0.77566087 0.77475081 0.77470887]
21. Best individuals (target): [0.77470887 0.77475081 0.77566087 0.77616545 0.77757419 0.77787591
 0.77855384 0.77996913 0.78161734 0.78164553 0.78261599 0.782651
 0.78502399 0.78536883 0.78582704 0.78680806 0.78767003 0.7892858
 0.78937667 0.79123644 0.79308097 0.7931828  0.79668023 0.79848989
 0.79945673 0.80415165 0.8043848  0.80599647 0.80655378 0.80673659
 0.80698213 0.80903422 0.81208043 0.81210895 0.81278013 0.82317982
 0.82612912 0.82833879 0.83106802 0.83156065 0.83682121 0.83692411]Mean reward: 0.7422766963342755
Sessgen: 3.2203309535980225, other: 0.00095367431640625, select1: 0.0030002593994140625, select2: 0.0010042190551757812, select3: 0.0, fit: 0.08633542060852051, score: 0.0

22. Best individuals (reward): [0.83692411 0.83682121 0.83156065 0.83106802 0.82833879 0.82612912
 0.82317982 0.81278013 0.81210895 0.81208043 0.80903422 0.80698213
 0.80673659 0.80655378 0.80599647 0.8043848  0.80415165 0.79945673
 0.79848989 0.79703409 0.79668023 0.79335156 0.7931828  0.79308097
 0.79123644 0.78937667 0.7892858  0.78767003 0.78680806 0.78582704
 0.78536883 0.78502399 0.782651   0.78261599 0.78164553 0.78161734
 0.77996913 0.77855384 0.77787591 0.77757419 0.77616545 0.77566087]
22. Best individuals (target): [0.77566087 0.77616545 0.77757419 0.77787591 0.77855384 0.77996913
 0.78161734 0.78164553 0.78261599 0.782651   0.78502399 0.78536883
 0.78582704 0.78680806 0.78767003 0.7892858  0.78937667 0.79123644
 0.79308097 0.7931828  0.79335156 0.79668023 0.79703409 0.79848989
 0.79945673 0.80415165 0.8043848  0.80599647 0.80655378 0.80673659
 0.80698213 0.80903422 0.81208043 0.81210895 0.81278013 0.82317982
 0.82612912 0.82833879 0.83106802 0.83156065 0.83682121 0.83692411]Mean reward: 0.7447439423264322
Sessgen: 3.425217390060425, other: 0.0, select1: 0.0009999275207519531, select2: 0.0009996891021728516, select3: 0.0, fit: 0.08518576622009277, score: 0.0

23. Best individuals (reward): [0.83692411 0.83682121 0.83156065 0.83106802 0.82833879 0.82612912
 0.82317982 0.81278013 0.81210895 0.81208043 0.80903422 0.80698213
 0.80673659 0.80655378 0.80599647 0.8043848  0.80415165 0.79945673
 0.79848989 0.79703409 0.79668023 0.79335156 0.7931828  0.79308097
 0.79123644 0.78937667 0.7892858  0.78767003 0.78680806 0.78582704
 0.78536883 0.78502399 0.782651   0.78261599 0.78164553 0.78161734
 0.77996913 0.77855384 0.77787591 0.77757419 0.77629821 0.77616545]
23. Best individuals (target): [0.77616545 0.77629821 0.77757419 0.77787591 0.77855384 0.77996913
 0.78161734 0.78164553 0.78261599 0.782651   0.78502399 0.78536883
 0.78582704 0.78680806 0.78767003 0.7892858  0.78937667 0.79123644
 0.79308097 0.7931828  0.79335156 0.79668023 0.79703409 0.79848989
 0.79945673 0.80415165 0.8043848  0.80599647 0.80655378 0.80673659
 0.80698213 0.80903422 0.81208043 0.81210895 0.81278013 0.82317982
 0.82612912 0.82833879 0.83106802 0.83156065 0.83682121 0.83692411]Mean reward: 0.7435875857091082
Sessgen: 3.530646324157715, other: 0.0, select1: 0.0010006427764892578, select2: 0.0009996891021728516, select3: 0.0, fit: 0.08774662017822266, score: 0.0

24. Best individuals (reward): [0.83692411 0.83682121 0.83156065 0.83106802 0.82833879 0.82612912
 0.82317982 0.81946637 0.81385932 0.81278013 0.81210895 0.81208043
 0.80903422 0.80698213 0.80673659 0.80655378 0.80599647 0.8043848
 0.80415165 0.80393207 0.79945673 0.79848989 0.79703409 0.79668023
 0.79335156 0.7931828  0.79308097 0.79123644 0.78985681 0.78969674
 0.78937667 0.7892858  0.78767003 0.78680806 0.78582704 0.78536883
 0.78516699 0.78502399 0.782651   0.78261599 0.78164553 0.78161734]
24. Best individuals (target): [0.78161734 0.78164553 0.78261599 0.782651   0.78502399 0.78516699
 0.78536883 0.78582704 0.78680806 0.78767003 0.7892858  0.78937667
 0.78969674 0.78985681 0.79123644 0.79308097 0.7931828  0.79335156
 0.79668023 0.79703409 0.79848989 0.79945673 0.80393207 0.80415165
 0.8043848  0.80599647 0.80655378 0.80673659 0.80698213 0.80903422
 0.81208043 0.81210895 0.81278013 0.81385932 0.81946637 0.82317982
 0.82612912 0.82833879 0.83106802 0.83156065 0.83682121 0.83692411]Mean reward: 0.755181464386688
Sessgen: 3.122347116470337, other: 0.0010004043579101562, select1: 0.003000020980834961, select2: 0.0009987354278564453, select3: 0.0, fit: 0.12660765647888184, score: 0.0

25. Best individuals (reward): [0.83692411 0.83682121 0.83156065 0.83106802 0.82833879 0.82612912
 0.82317982 0.81946637 0.81385932 0.81278013 0.81210895 0.81208043
 0.80903422 0.80698213 0.80673659 0.80655378 0.80599647 0.8043848
 0.80415165 0.80393207 0.79945673 0.79848989 0.79703409 0.79668023
 0.79335156 0.7931828  0.79308097 0.79123644 0.78985681 0.78969674
 0.78937667 0.7892858  0.78767003 0.78696657 0.78680806 0.78582704
 0.78536883 0.78516699 0.78502399 0.78424158 0.78278595 0.782651  ]
25. Best individuals (target): [0.782651   0.78278595 0.78424158 0.78502399 0.78516699 0.78536883
 0.78582704 0.78680806 0.78696657 0.78767003 0.7892858  0.78937667
 0.78969674 0.78985681 0.79123644 0.79308097 0.7931828  0.79335156
 0.79668023 0.79703409 0.79848989 0.79945673 0.80393207 0.80415165
 0.8043848  0.80599647 0.80655378 0.80673659 0.80698213 0.80903422
 0.81208043 0.81210895 0.81278013 0.81385932 0.81946637 0.82317982
 0.82612912 0.82833879 0.83106802 0.83156065 0.83682121 0.83692411]Mean reward: 0.7497629142117941
Sessgen: 2.989086389541626, other: 0.0, select1: 0.0020384788513183594, select2: 0.0010004043579101562, select3: 0.0, fit: 0.10896158218383789, score: 0.0

26. Best individuals (reward): [0.83692411 0.83682121 0.83156065 0.83106802 0.82833879 0.82612912
 0.82317982 0.81946637 0.81385932 0.81278013 0.81210895 0.81208043
 0.80903422 0.80698213 0.80673659 0.80655378 0.80599647 0.8043848
 0.80415165 0.80393207 0.79945673 0.79848989 0.79724101 0.79703409
 0.79668023 0.79467909 0.79335156 0.7931828  0.79308097 0.79283627
 0.79123644 0.78985681 0.78969674 0.78937667 0.7892858  0.78767003
 0.78696657 0.78680806 0.78582704 0.78536883 0.78516699 0.78502399]
26. Best individuals (target): [0.78502399 0.78516699 0.78536883 0.78582704 0.78680806 0.78696657
 0.78767003 0.7892858  0.78937667 0.78969674 0.78985681 0.79123644
 0.79283627 0.79308097 0.7931828  0.79335156 0.79467909 0.79668023
 0.79703409 0.79724101 0.79848989 0.79945673 0.80393207 0.80415165
 0.8043848  0.80599647 0.80655378 0.80673659 0.80698213 0.80903422
 0.81208043 0.81210895 0.81278013 0.81385932 0.81946637 0.82317982
 0.82612912 0.82833879 0.83106802 0.83156065 0.83682121 0.83692411]Mean reward: 0.7501911566981019
Sessgen: 3.3673722743988037, other: 0.0, select1: 0.0020017623901367188, select2: 0.0009992122650146484, select3: 0.0, fit: 0.11300182342529297, score: 0.0010004043579101562

27. Best individuals (reward): [0.83692411 0.83682121 0.83156065 0.83106802 0.82833879 0.82612912
 0.82317982 0.81946637 0.81385932 0.81278013 0.81210895 0.81208043
 0.80903422 0.80698213 0.80673659 0.80655378 0.80599647 0.8043848
 0.80415165 0.80393207 0.79945673 0.79848989 0.79724101 0.79703409
 0.79668023 0.79467909 0.79335156 0.7931828  0.79308097 0.79283627
 0.79123644 0.78985681 0.78969674 0.78937667 0.7892858  0.78767003
 0.78696657 0.78680806 0.78582704 0.78536883 0.78516699 0.78502399]
27. Best individuals (target): [0.78502399 0.78516699 0.78536883 0.78582704 0.78680806 0.78696657
 0.78767003 0.7892858  0.78937667 0.78969674 0.78985681 0.79123644
 0.79283627 0.79308097 0.7931828  0.79335156 0.79467909 0.79668023
 0.79703409 0.79724101 0.79848989 0.79945673 0.80393207 0.80415165
 0.8043848  0.80599647 0.80655378 0.80673659 0.80698213 0.80903422
 0.81208043 0.81210895 0.81278013 0.81385932 0.81946637 0.82317982
 0.82612912 0.82833879 0.83106802 0.83156065 0.83682121 0.83692411]Mean reward: 0.7491340651584217
Sessgen: 3.0133492946624756, other: 0.0009992122650146484, select1: 0.0010008811950683594, select2: 0.0010001659393310547, select3: 0.0, fit: 0.1405653953552246, score: 0.0009980201721191406

28. Best individuals (reward): [0.83692411 0.83682121 0.83156065 0.83106802 0.82833879 0.82612912
 0.82317982 0.82010548 0.81946637 0.81385932 0.81278013 0.81210895
 0.81208043 0.80903422 0.80698213 0.80673659 0.80655378 0.80599647
 0.8043848  0.80415165 0.80393207 0.80386879 0.79945673 0.79944762
 0.79848989 0.79724101 0.79703409 0.79668023 0.79467909 0.79335156
 0.7931828  0.79308097 0.79283627 0.79123644 0.78985681 0.78969674
 0.78937667 0.7892858  0.78788058 0.78767003 0.78696657 0.78680806]
28. Best individuals (target): [0.78680806 0.78696657 0.78767003 0.78788058 0.7892858  0.78937667
 0.78969674 0.78985681 0.79123644 0.79283627 0.79308097 0.7931828
 0.79335156 0.79467909 0.79668023 0.79703409 0.79724101 0.79848989
 0.79944762 0.79945673 0.80386879 0.80393207 0.80415165 0.8043848
 0.80599647 0.80655378 0.80673659 0.80698213 0.80903422 0.81208043
 0.81210895 0.81278013 0.81385932 0.81946637 0.82010548 0.82317982
 0.82612912 0.82833879 0.83106802 0.83156065 0.83682121 0.83692411]Mean reward: 0.7572088050148952
Sessgen: 3.0206093788146973, other: 0.0, select1: 0.0010030269622802734, select2: 0.000997781753540039, select3: 0.0, fit: 0.11796307563781738, score: 0.0009996891021728516

29. Best individuals (reward): [0.83692411 0.83682121 0.83156065 0.83106802 0.82833879 0.82612912
 0.82317982 0.82010548 0.81946637 0.81385932 0.81278013 0.81210895
 0.81208043 0.80903422 0.80698213 0.80673659 0.80655378 0.80599647
 0.8043848  0.80415165 0.80393207 0.80386879 0.79945673 0.79944762
 0.79848989 0.79724101 0.79703409 0.79668023 0.79467909 0.79335156
 0.7931828  0.79308097 0.79283627 0.79123644 0.78985681 0.78969674
 0.78937667 0.7892858  0.78788058 0.78767003 0.78696657 0.78680806]
29. Best individuals (target): [0.78680806 0.78696657 0.78767003 0.78788058 0.7892858  0.78937667
 0.78969674 0.78985681 0.79123644 0.79283627 0.79308097 0.7931828
 0.79335156 0.79467909 0.79668023 0.79703409 0.79724101 0.79848989
 0.79944762 0.79945673 0.80386879 0.80393207 0.80415165 0.8043848
 0.80599647 0.80655378 0.80673659 0.80698213 0.80903422 0.81208043
 0.81210895 0.81278013 0.81385932 0.81946637 0.82010548 0.82317982
 0.82612912 0.82833879 0.83106802 0.83156065 0.83682121 0.83692411]Mean reward: 0.7510178364175804
Sessgen: 3.2864890098571777, other: 0.0, select1: 0.003002643585205078, select2: 0.0010001659393310547, select3: 0.0009975433349609375, fit: 0.11121153831481934, score: 0.0

30. Best individuals (reward): [0.83692411 0.83682121 0.8358129  0.83156065 0.83106802 0.82833879
 0.82612912 0.82317982 0.82010548 0.81946637 0.81385932 0.81278013
 0.81210895 0.81208043 0.80903422 0.80698213 0.80673659 0.80655378
 0.80599647 0.8043848  0.80415165 0.80393207 0.80386879 0.79945673
 0.79944762 0.79848989 0.79724101 0.79703409 0.79668023 0.79467909
 0.79335156 0.7931828  0.79308097 0.79283627 0.79123644 0.78985681
 0.78969674 0.78937667 0.7892858  0.78788058 0.78767003 0.78696657]
30. Best individuals (target): [0.78696657 0.78767003 0.78788058 0.7892858  0.78937667 0.78969674
 0.78985681 0.79123644 0.79283627 0.79308097 0.7931828  0.79335156
 0.79467909 0.79668023 0.79703409 0.79724101 0.79848989 0.79944762
 0.79945673 0.80386879 0.80393207 0.80415165 0.8043848  0.80599647
 0.80655378 0.80673659 0.80698213 0.80903422 0.81208043 0.81210895
 0.81278013 0.81385932 0.81946637 0.82010548 0.82317982 0.82612912
 0.82833879 0.83106802 0.83156065 0.8358129  0.83682121 0.83692411]Mean reward: 0.7478649692340895
Sessgen: 3.1377694606781006, other: 0.0, select1: 0.0020012855529785156, select2: 0.0009958744049072266, select3: 0.0, fit: 0.13499760627746582, score: 0.0

31. Best individuals (reward): [0.83692411 0.83682121 0.8358129  0.83156065 0.83106802 0.82833879
 0.82612912 0.82317982 0.82010548 0.81946637 0.81385932 0.81278013
 0.81210895 0.81208043 0.80903422 0.80698213 0.80673659 0.80655378
 0.80599647 0.8043848  0.80415165 0.80393207 0.80386879 0.79945673
 0.79944762 0.79871408 0.79848989 0.79724101 0.79703409 0.79668023
 0.79649656 0.79467909 0.79335156 0.7931828  0.79308097 0.79283627
 0.79123644 0.78985681 0.78969674 0.78937667 0.7892858  0.78788058]
31. Best individuals (target): [0.78788058 0.7892858  0.78937667 0.78969674 0.78985681 0.79123644
 0.79283627 0.79308097 0.7931828  0.79335156 0.79467909 0.79649656
 0.79668023 0.79703409 0.79724101 0.79848989 0.79871408 0.79944762
 0.79945673 0.80386879 0.80393207 0.80415165 0.8043848  0.80599647
 0.80655378 0.80673659 0.80698213 0.80903422 0.81208043 0.81210895
 0.81278013 0.81385932 0.81946637 0.82010548 0.82317982 0.82612912
 0.82833879 0.83106802 0.83156065 0.8358129  0.83682121 0.83692411]Mean reward: 0.759811489496806
Sessgen: 3.0392887592315674, other: 0.0, select1: 0.0020046234130859375, select2: 0.0009500980377197266, select3: 0.0, fit: 0.08800458908081055, score: 0.0

32. Best individuals (reward): [0.83692411 0.83682121 0.8358129  0.83156065 0.83106802 0.82833879
 0.82612912 0.82317982 0.82010548 0.81946637 0.81385932 0.81278013
 0.81210895 0.81208043 0.80903422 0.80698213 0.80673659 0.80655378
 0.80599647 0.8043848  0.80415165 0.80393207 0.80386879 0.79945673
 0.79944762 0.79871408 0.79848989 0.79724101 0.79703409 0.79668023
 0.79649656 0.79467909 0.79335156 0.7931828  0.79308097 0.79283627
 0.79123644 0.78985681 0.78969674 0.78937667 0.7892858  0.78788058]
32. Best individuals (target): [0.78788058 0.7892858  0.78937667 0.78969674 0.78985681 0.79123644
 0.79283627 0.79308097 0.7931828  0.79335156 0.79467909 0.79649656
 0.79668023 0.79703409 0.79724101 0.79848989 0.79871408 0.79944762
 0.79945673 0.80386879 0.80393207 0.80415165 0.8043848  0.80599647
 0.80655378 0.80673659 0.80698213 0.80903422 0.81208043 0.81210895
 0.81278013 0.81385932 0.81946637 0.82010548 0.82317982 0.82612912
 0.82833879 0.83106802 0.83156065 0.8358129  0.83682121 0.83692411]Mean reward: 0.7492986205234167
Sessgen: 4.272870779037476, other: 0.0, select1: 0.0020329952239990234, select2: 0.0009932518005371094, select3: 0.0, fit: 0.10145115852355957, score: 0.0

33. Best individuals (reward): [0.85323561 0.83692411 0.83682121 0.8358129  0.83156065 0.83106802
 0.82833879 0.82612912 0.82317982 0.82010548 0.81946637 0.81385932
 0.81278013 0.81210895 0.81208043 0.80968131 0.80903422 0.80698213
 0.80673659 0.80655378 0.80599647 0.8043848  0.80415165 0.80393207
 0.80386879 0.79945673 0.79944762 0.79871408 0.79848989 0.79724101
 0.79703409 0.79668023 0.79649656 0.79467909 0.79335156 0.7931828
 0.79308097 0.79283627 0.79123644 0.78985681 0.78969674 0.78937667]
33. Best individuals (target): [0.78937667 0.78969674 0.78985681 0.79123644 0.79283627 0.79308097
 0.7931828  0.79335156 0.79467909 0.79649656 0.79668023 0.79703409
