
0. Best individuals (reward): [0.94458081 0.92607684 0.91905447 0.91605691 0.90466875 0.90184417
 0.89260879 0.89033506 0.88555269 0.87991765 0.87890928 0.87430503
 0.87275854 0.87182915 0.87055334 0.86646261 0.86171568 0.86140119
 0.85765427 0.85747288 0.84959493 0.84672878 0.8459698  0.84472548
 0.84427687 0.84421498 0.84310596 0.83884753 0.83772113 0.83688058
 0.83263265 0.83117629 0.83105563 0.83045796 0.83020504 0.82945727
 0.82909417 0.82873246 0.82863391 0.82843871]
0. Best individuals (target): [0.82843871 0.82863391 0.82873246 0.82909417 0.82945727 0.83020504
 0.83045796 0.83105563 0.83117629 0.83263265 0.83688058 0.83772113
 0.83884753 0.84310596 0.84421498 0.84427687 0.84472548 0.8459698
 0.84672878 0.84959493 0.85747288 0.85765427 0.86140119 0.86171568
 0.86646261 0.87055334 0.87182915 0.87275854 0.87430503 0.87890928
 0.87991765 0.88555269 0.89033506 0.89260879 0.90184417 0.90466875
 0.91605691 0.91905447 0.92607684 0.94458081]Mean reward: 0.824209793706231
Sessgen: 3.750260829925537, other: 0.0, select1: 0.0029714107513427734, select2: 0.0, select3: 0.0, fit: 0.4499683380126953, score: 0.0

1. Best individuals (reward): [0.94458081 0.92607684 0.91905447 0.91825054 0.91822485 0.91605691
 0.90466875 0.90184417 0.90010555 0.89989504 0.89260879 0.89033506
 0.88555269 0.88345002 0.87991765 0.87956766 0.87890928 0.87737893
 0.87430503 0.87354548 0.87275854 0.8721123  0.87182915 0.87058571
 0.87055334 0.87050402 0.8680555  0.86646261 0.86369311 0.86212504
 0.86200137 0.86171568 0.86140119 0.85775074 0.85765427 0.85747288
 0.85645604 0.8554093  0.85416976 0.85327251 0.85314944 0.85218171]
1. Best individuals (target): [0.85218171 0.85314944 0.85327251 0.85416976 0.8554093  0.85645604
 0.85747288 0.85765427 0.85775074 0.86140119 0.86171568 0.86200137
 0.86212504 0.86369311 0.86646261 0.8680555  0.87050402 0.87055334
 0.87058571 0.87182915 0.8721123  0.87275854 0.87354548 0.87430503
 0.87737893 0.87890928 0.87956766 0.87991765 0.88345002 0.88555269
 0.89033506 0.89260879 0.89989504 0.90010555 0.90184417 0.90466875
 0.91605691 0.91822485 0.91825054 0.91905447 0.92607684 0.94458081]Mean reward: 0.8496107013010655
Sessgen: 3.5112502574920654, other: 0.0010056495666503906, select1: 0.0009541511535644531, select2: 0.0010459423065185547, select3: 0.0, fit: 0.07114505767822266, score: 0.0

2. Best individuals (reward): [0.94458081 0.92607684 0.91905447 0.91825054 0.91822485 0.91605691
 0.90603034 0.90466875 0.90184417 0.90010555 0.89989504 0.89260879
 0.89033506 0.88555269 0.88530668 0.88446142 0.88387314 0.88345002
 0.8805613  0.87991765 0.87956766 0.87890928 0.87752448 0.87737893
 0.87561481 0.87430503 0.87354548 0.87275854 0.8721123  0.87182915
 0.87058571 0.87055334 0.87050402 0.8680555  0.86646261 0.86640193
 0.86369311 0.86212504 0.86200137 0.86171568 0.86140119 0.85775074]
2. Best individuals (target): [0.85775074 0.86140119 0.86171568 0.86200137 0.86212504 0.86369311
 0.86640193 0.86646261 0.8680555  0.87050402 0.87055334 0.87058571
 0.87182915 0.8721123  0.87275854 0.87354548 0.87430503 0.87561481
 0.87737893 0.87752448 0.87890928 0.87956766 0.87991765 0.8805613
 0.88345002 0.88387314 0.88446142 0.88530668 0.88555269 0.89033506
 0.89260879 0.89989504 0.90010555 0.90184417 0.90466875 0.90603034
 0.91605691 0.91822485 0.91825054 0.91905447 0.92607684 0.94458081]Mean reward: 0.8479262558181269
Sessgen: 3.744576930999756, other: 0.0, select1: 0.003000974655151367, select2: 0.0, select3: 0.0009992122650146484, fit: 0.07277917861938477, score: 0.0

3. Best individuals (reward): [0.94458081 0.92607684 0.92418085 0.91905447 0.91825054 0.91822485
 0.91605691 0.91270296 0.90603034 0.90466875 0.90184417 0.90010555
 0.89989504 0.89425159 0.89260879 0.89033506 0.88916307 0.88555269
 0.88530668 0.88456813 0.88446142 0.88387314 0.88345002 0.8805613
 0.87991765 0.87956766 0.87890928 0.87874951 0.87752448 0.87737893
 0.87561481 0.87430503 0.87354548 0.87275854 0.8721123  0.87182915
 0.87058571 0.87055334 0.87050402 0.86970413 0.8680555  0.86646261]
3. Best individuals (target): [0.86646261 0.8680555  0.86970413 0.87050402 0.87055334 0.87058571
 0.87182915 0.8721123  0.87275854 0.87354548 0.87430503 0.87561481
 0.87737893 0.87752448 0.87874951 0.87890928 0.87956766 0.87991765
 0.8805613  0.88345002 0.88387314 0.88446142 0.88456813 0.88530668
 0.88555269 0.88916307 0.89033506 0.89260879 0.89425159 0.89989504
 0.90010555 0.90184417 0.90466875 0.90603034 0.91270296 0.91605691
 0.91822485 0.91825054 0.91905447 0.92418085 0.92607684 0.94458081]Mean reward: 0.856623682558261
Sessgen: 3.4732861518859863, other: 0.0, select1: 0.0009629726409912109, select2: 0.002002239227294922, select3: 0.0, fit: 0.0708780288696289, score: 0.0

4. Best individuals (reward): [0.94458081 0.92607684 0.92481452 0.92418085 0.91909703 0.91905447
 0.91825054 0.91822485 0.91605691 0.91538089 0.91270296 0.90603034
 0.90466875 0.90184417 0.90048638 0.90010555 0.89989504 0.89825727
 0.89515345 0.89425159 0.89351358 0.89260879 0.89182591 0.89109869
 0.8904202  0.89033506 0.8892916  0.88916307 0.88555269 0.88530668
 0.88456813 0.88446142 0.88387314 0.88345002 0.8805613  0.87991765
 0.87956766 0.87890928 0.87874951 0.87752448 0.87737893 0.87561481]
4. Best individuals (target): [0.87561481 0.87737893 0.87752448 0.87874951 0.87890928 0.87956766
 0.87991765 0.8805613  0.88345002 0.88387314 0.88446142 0.88456813
 0.88530668 0.88555269 0.88916307 0.8892916  0.89033506 0.8904202
 0.89109869 0.89182591 0.89260879 0.89351358 0.89425159 0.89515345
 0.89825727 0.89989504 0.90010555 0.90048638 0.90184417 0.90466875
 0.90603034 0.91270296 0.91538089 0.91605691 0.91822485 0.91825054
 0.91905447 0.91909703 0.92418085 0.92481452 0.92607684 0.94458081]Mean reward: 0.8663722667217247
Sessgen: 3.7351105213165283, other: 0.0010008811950683594, select1: 0.0009992122650146484, select2: 0.0010039806365966797, select3: 0.0, fit: 0.07571840286254883, score: 0.0

5. Best individuals (reward): [0.9664278  0.94458081 0.92783615 0.92607684 0.92481452 0.92418085
 0.9224567  0.91909703 0.91905447 0.91825054 0.91822485 0.91605691
 0.91538089 0.91388988 0.91270296 0.90715865 0.90603034 0.90466875
 0.90237573 0.90184417 0.90066396 0.90048638 0.90043759 0.90010555
 0.89989504 0.89896888 0.89825727 0.89515345 0.89439265 0.89425159
 0.89351358 0.89260879 0.89182591 0.89109869 0.8904202  0.89033506
 0.8892916  0.88916307 0.88640621 0.88555269 0.88530668 0.88456813]
5. Best individuals (target): [0.88456813 0.88530668 0.88555269 0.88640621 0.88916307 0.8892916
 0.89033506 0.8904202  0.89109869 0.89182591 0.89260879 0.89351358
 0.89425159 0.89439265 0.89515345 0.89825727 0.89896888 0.89989504
 0.90010555 0.90043759 0.90048638 0.90066396 0.90184417 0.90237573
 0.90466875 0.90603034 0.90715865 0.91270296 0.91388988 0.91538089
 0.91605691 0.91822485 0.91825054 0.91905447 0.91909703 0.9224567
 0.92418085 0.92481452 0.92607684 0.92783615 0.94458081 0.9664278 ]Mean reward: 0.8693740420066921
Sessgen: 3.7265899181365967, other: 0.0, select1: 0.0019989013671875, select2: 0.0009984970092773438, select3: 0.0, fit: 0.07103466987609863, score: 0.0

6. Best individuals (reward): [0.9664278  0.94458081 0.92783615 0.92607684 0.92481452 0.92418085
 0.9224567  0.91909703 0.91905447 0.91825054 0.91822485 0.91605691
 0.91538089 0.91388988 0.91270296 0.90838769 0.90715865 0.90603034
 0.90466875 0.90237573 0.90184417 0.90066396 0.90048638 0.90043759
 0.90010555 0.89989504 0.89896888 0.89825727 0.8971289  0.89515345
 0.89439265 0.89425159 0.89351358 0.89260879 0.89209546 0.89182591
 0.89109869 0.8904202  0.89033506 0.88954978 0.8892916  0.88916307]
6. Best individuals (target): [0.88916307 0.8892916  0.88954978 0.89033506 0.8904202  0.89109869
 0.89182591 0.89209546 0.89260879 0.89351358 0.89425159 0.89439265
 0.89515345 0.8971289  0.89825727 0.89896888 0.89989504 0.90010555
 0.90043759 0.90048638 0.90066396 0.90184417 0.90237573 0.90466875
 0.90603034 0.90715865 0.90838769 0.91270296 0.91388988 0.91538089
 0.91605691 0.91822485 0.91825054 0.91905447 0.91909703 0.9224567
 0.92418085 0.92481452 0.92607684 0.92783615 0.94458081 0.9664278 ]Mean reward: 0.8671093977860949
Sessgen: 3.6630284786224365, other: 0.0, select1: 0.002002239227294922, select2: 0.0009970664978027344, select3: 0.0, fit: 0.07016468048095703, score: 0.0

7. Best individuals (reward): [0.9664278  0.94458081 0.92783615 0.92607684 0.92481452 0.92418085
 0.9224567  0.91909703 0.91905447 0.91825054 0.91822485 0.91605691
 0.91565643 0.91538089 0.91388988 0.91270296 0.90838769 0.90715865
 0.90603034 0.90466875 0.90237573 0.90184417 0.90066396 0.90048638
 0.90043759 0.90010555 0.89989504 0.89896888 0.89825727 0.8971289
 0.89515345 0.89439265 0.89425159 0.89351358 0.89260879 0.89209546
 0.89182591 0.89109869 0.8904202  0.89033506 0.89001155 0.88954978]
7. Best individuals (target): [0.88954978 0.89001155 0.89033506 0.8904202  0.89109869 0.89182591
 0.89209546 0.89260879 0.89351358 0.89425159 0.89439265 0.89515345
 0.8971289  0.89825727 0.89896888 0.89989504 0.90010555 0.90043759
 0.90048638 0.90066396 0.90184417 0.90237573 0.90466875 0.90603034
 0.90715865 0.90838769 0.91270296 0.91388988 0.91538089 0.91565643
 0.91605691 0.91822485 0.91825054 0.91905447 0.91909703 0.9224567
 0.92418085 0.92481452 0.92607684 0.92783615 0.94458081 0.9664278 ]Mean reward: 0.8656423208391361
Sessgen: 4.078246355056763, other: 0.0, select1: 0.0019989013671875, select2: 0.0009996891021728516, select3: 0.0, fit: 0.10799741744995117, score: 0.0010416507720947266

8. Best individuals (reward): [0.9664278  0.94458081 0.92783615 0.92607684 0.92481452 0.92418085
 0.9224567  0.91909703 0.91905447 0.91825054 0.91822485 0.91818304
 0.91605691 0.91565643 0.91538089 0.91388988 0.91270296 0.90838769
 0.90715865 0.90603034 0.90466875 0.90237573 0.90184417 0.90066396
 0.90048638 0.90043759 0.90010555 0.89989504 0.89896888 0.89825727
 0.8971289  0.89528285 0.89515345 0.89439265 0.89437558 0.89425159
 0.89392036 0.89351358 0.89260879 0.89209546 0.89182591 0.89109869]
8. Best individuals (target): [0.89109869 0.89182591 0.89209546 0.89260879 0.89351358 0.89392036
 0.89425159 0.89437558 0.89439265 0.89515345 0.89528285 0.8971289
 0.89825727 0.89896888 0.89989504 0.90010555 0.90043759 0.90048638
 0.90066396 0.90184417 0.90237573 0.90466875 0.90603034 0.90715865
 0.90838769 0.91270296 0.91388988 0.91538089 0.91565643 0.91605691
 0.91818304 0.91822485 0.91825054 0.91905447 0.91909703 0.9224567
 0.92418085 0.92481452 0.92607684 0.92783615 0.94458081 0.9664278 ]Mean reward: 0.8691557142647497
Sessgen: 4.33832859992981, other: 0.0, select1: 0.002007007598876953, select2: 0.0010001659393310547, select3: 0.0, fit: 0.07195234298706055, score: 0.0

9. Best individuals (reward): [0.9664278  0.94458081 0.92783615 0.92607684 0.92481452 0.92418085
 0.9224567  0.91909703 0.91905447 0.91825054 0.91822485 0.91818304
 0.91605691 0.91565643 0.91538089 0.91388988 0.91270296 0.90838769
 0.90715865 0.90603034 0.90466875 0.90255289 0.90237573 0.90184417
 0.90138021 0.90066396 0.90048638 0.90043759 0.90010555 0.89989504
 0.89896888 0.89825727 0.89816041 0.8971289  0.89528285 0.89515345
 0.89439265 0.89437558 0.89425159 0.89392036 0.89351358 0.89260879]
9. Best individuals (target): [0.89260879 0.89351358 0.89392036 0.89425159 0.89437558 0.89439265
 0.89515345 0.89528285 0.8971289  0.89816041 0.89825727 0.89896888
 0.89989504 0.90010555 0.90043759 0.90048638 0.90066396 0.90138021
 0.90184417 0.90237573 0.90255289 0.90466875 0.90603034 0.90715865
 0.90838769 0.91270296 0.91388988 0.91538089 0.91565643 0.91605691
 0.91818304 0.91822485 0.91825054 0.91905447 0.91909703 0.9224567
 0.92418085 0.92481452 0.92607684 0.92783615 0.94458081 0.9664278 ]Mean reward: 0.8688047839425498
Sessgen: 4.282654285430908, other: 0.0010116100311279297, select1: 0.0059583187103271484, select2: 0.0, select3: 0.0, fit: 0.08700084686279297, score: 0.0

10. Best individuals (reward): [0.9664278  0.94458081 0.92783615 0.92607684 0.92559927 0.92481452
 0.92418085 0.92305917 0.9224567  0.91953905 0.91909703 0.91905447
 0.91825054 0.91822485 0.91818304 0.91605691 0.91565643 0.91538089
 0.91388988 0.91270296 0.90838769 0.90715865 0.90603034 0.90567663
 0.90466875 0.90280527 0.90255289 0.90237573 0.90184417 0.90138782
 0.90138021 0.90111515 0.90070052 0.90066396 0.90060361 0.90048638
 0.90043759 0.90010555 0.89989504 0.89896888 0.89825727 0.89816041]
10. Best individuals (target): [0.89816041 0.89825727 0.89896888 0.89989504 0.90010555 0.90043759
 0.90048638 0.90060361 0.90066396 0.90070052 0.90111515 0.90138021
 0.90138782 0.90184417 0.90237573 0.90255289 0.90280527 0.90466875
 0.90567663 0.90603034 0.90715865 0.90838769 0.91270296 0.91388988
 0.91538089 0.91565643 0.91605691 0.91818304 0.91822485 0.91825054
 0.91905447 0.91909703 0.91953905 0.9224567  0.92305917 0.92418085
 0.92481452 0.92559927 0.92607684 0.92783615 0.94458081 0.9664278 ]Mean reward: 0.8699895319492522
Sessgen: 4.085642576217651, other: 0.0010020732879638672, select1: 0.001997709274291992, select2: 0.001001596450805664, select3: 0.0, fit: 0.08301377296447754, score: 0.0

11. Best individuals (reward): [0.9664278  0.94458081 0.92783615 0.92607684 0.92559927 0.92481452
 0.92418085 0.92305917 0.9224567  0.91953905 0.91909703 0.91905447
 0.91825054 0.91822485 0.91818304 0.91605691 0.91565643 0.91538089
 0.91388988 0.91270296 0.90838769 0.90715865 0.90603034 0.90567663
 0.90466875 0.90280527 0.90255289 0.90237573 0.90184417 0.90138782
 0.90138021 0.90123104 0.90111515 0.90070052 0.90066396 0.90060361
 0.90048638 0.90043759 0.90010555 0.89989504 0.89896888 0.89825727]
11. Best individuals (target): [0.89825727 0.89896888 0.89989504 0.90010555 0.90043759 0.90048638
 0.90060361 0.90066396 0.90070052 0.90111515 0.90123104 0.90138021
 0.90138782 0.90184417 0.90237573 0.90255289 0.90280527 0.90466875
 0.90567663 0.90603034 0.90715865 0.90838769 0.91270296 0.91388988
 0.91538089 0.91565643 0.91605691 0.91818304 0.91822485 0.91825054
 0.91905447 0.91909703 0.91953905 0.9224567  0.92305917 0.92418085
 0.92481452 0.92559927 0.92607684 0.92783615 0.94458081 0.9664278 ]Mean reward: 0.8681711864610826
Sessgen: 4.108161449432373, other: 0.0009989738464355469, select1: 0.0020012855529785156, select2: 0.0, select3: 0.0, fit: 0.09096288681030273, score: 0.0

12. Best individuals (reward): [0.9664278  0.94458081 0.93118764 0.92783615 0.92607684 0.92559927
 0.92481452 0.92436693 0.92418085 0.92305917 0.9224567  0.91953905
 0.91909703 0.91905447 0.91825054 0.91822485 0.91818304 0.91605691
 0.91565643 0.91538089 0.91388988 0.91270296 0.90838769 0.90715865
 0.90626276 0.90603034 0.90567663 0.90466875 0.90280527 0.90255289
 0.90237573 0.90184417 0.90138782 0.90138021 0.90123104 0.90111515
 0.90070052 0.90066396 0.90060361 0.90048638 0.90043759 0.90010555]
12. Best individuals (target): [0.90010555 0.90043759 0.90048638 0.90060361 0.90066396 0.90070052
 0.90111515 0.90123104 0.90138021 0.90138782 0.90184417 0.90237573
 0.90255289 0.90280527 0.90466875 0.90567663 0.90603034 0.90626276
 0.90715865 0.90838769 0.91270296 0.91388988 0.91538089 0.91565643
 0.91605691 0.91818304 0.91822485 0.91825054 0.91905447 0.91909703
 0.91953905 0.9224567  0.92305917 0.92418085 0.92436693 0.92481452
 0.92559927 0.92607684 0.92783615 0.93118764 0.94458081 0.9664278 ]Mean reward: 0.876827177375625
Sessgen: 4.278655767440796, other: 0.0, select1: 0.0029981136322021484, select2: 0.0, select3: 0.0, fit: 0.08073544502258301, score: 0.0

13. Best individuals (reward): [0.9664278  0.94458081 0.93118764 0.92783615 0.92607684 0.92559927
 0.92548697 0.92481452 0.92436693 0.92418085 0.92305917 0.9224567
 0.91953905 0.91909703 0.91905447 0.91825054 0.91822485 0.91818304
 0.91605691 0.91565643 0.91538089 0.91388988 0.91270296 0.91220828
 0.90916182 0.90838769 0.90715865 0.90626276 0.90603034 0.90567663
 0.90466875 0.90280527 0.90255289 0.90237573 0.90184417 0.90138782
 0.90138021 0.90123104 0.90111515 0.90070052 0.90066396 0.90060361]
13. Best individuals (target): [0.90060361 0.90066396 0.90070052 0.90111515 0.90123104 0.90138021
 0.90138782 0.90184417 0.90237573 0.90255289 0.90280527 0.90466875
 0.90567663 0.90603034 0.90626276 0.90715865 0.90838769 0.90916182
 0.91220828 0.91270296 0.91388988 0.91538089 0.91565643 0.91605691
 0.91818304 0.91822485 0.91825054 0.91905447 0.91909703 0.91953905
 0.9224567  0.92305917 0.92418085 0.92436693 0.92481452 0.92548697
 0.92559927 0.92607684 0.92783615 0.93118764 0.94458081 0.9664278 ]Mean reward: 0.8747750337261617
Sessgen: 3.843729257583618, other: 0.0, select1: 0.002007007598876953, select2: 0.00099945068359375, select3: 0.0, fit: 0.07695841789245605, score: 0.0

14. Best individuals (reward): [0.9664278  0.94458081 0.93118764 0.92783615 0.92607684 0.92559927
 0.92548697 0.92481452 0.92436693 0.92418085 0.92305917 0.9224567
 0.92094536 0.91953905 0.91909703 0.91905447 0.91839769 0.91825054
 0.91822485 0.91818304 0.91722333 0.91605691 0.91565643 0.91538089
 0.91388988 0.91270296 0.91220828 0.90916182 0.90838769 0.90715865
 0.90626276 0.90603034 0.90567663 0.90466875 0.90280527 0.90255289
 0.90237573 0.90184417 0.90138782 0.90138021 0.90123104 0.90111515]
14. Best individuals (target): [0.90111515 0.90123104 0.90138021 0.90138782 0.90184417 0.90237573
 0.90255289 0.90280527 0.90466875 0.90567663 0.90603034 0.90626276
 0.90715865 0.90838769 0.90916182 0.91220828 0.91270296 0.91388988
 0.91538089 0.91565643 0.91605691 0.91722333 0.91818304 0.91822485
 0.91825054 0.91839769 0.91905447 0.91909703 0.91953905 0.92094536
 0.9224567  0.92305917 0.92418085 0.92436693 0.92481452 0.92548697
 0.92559927 0.92607684 0.92783615 0.93118764 0.94458081 0.9664278 ]Mean reward: 0.8752140584142937
Sessgen: 4.6679723262786865, other: 0.0010304450988769531, select1: 0.0019702911376953125, select2: 0.0, select3: 0.0, fit: 0.0840003490447998, score: 0.0010027885437011719

15. Best individuals (reward): [0.9664278  0.94458081 0.94025096 0.93199116 0.93118764 0.92783615
 0.92607684 0.92559927 0.92548697 0.92481452 0.92436693 0.92418085
 0.92305917 0.9224567  0.92094536 0.91953905 0.91909703 0.91905447
 0.91839769 0.91825054 0.91822485 0.91818304 0.91722333 0.91605691
 0.91565643 0.91538089 0.91388988 0.91270296 0.91220828 0.90916182
 0.90838769 0.90715865 0.90626276 0.90603034 0.90567663 0.90466875
 0.90280527 0.90255289 0.90237573 0.90184417 0.90138782 0.90138021]
15. Best individuals (target): [0.90138021 0.90138782 0.90184417 0.90237573 0.90255289 0.90280527
 0.90466875 0.90567663 0.90603034 0.90626276 0.90715865 0.90838769
 0.90916182 0.91220828 0.91270296 0.91388988 0.91538089 0.91565643
 0.91605691 0.91722333 0.91818304 0.91822485 0.91825054 0.91839769
 0.91905447 0.91909703 0.91953905 0.92094536 0.9224567  0.92305917
 0.92418085 0.92436693 0.92481452 0.92548697 0.92559927 0.92607684
 0.92783615 0.93118764 0.93199116 0.94025096 0.94458081 0.9664278 ]Mean reward: 0.867562544842297
Sessgen: 4.861810207366943, other: 0.0, select1: 0.005003929138183594, select2: 0.0, select3: 0.0, fit: 0.07374334335327148, score: 0.0009996891021728516

16. Best individuals (reward): [0.9664278  0.94458081 0.94062948 0.94025096 0.93199116 0.93118764
 0.92783615 0.92607684 0.92559927 0.92548697 0.92481452 0.92436693
 0.92418085 0.92338664 0.92305917 0.9224567  0.92094536 0.91953905
 0.91909703 0.91905447 0.91839769 0.91825054 0.91822485 0.91818304
 0.91722333 0.91605691 0.91565643 0.91538089 0.91388988 0.91270296
 0.91240187 0.91220828 0.90916182 0.90838769 0.90810141 0.90715865
 0.90626276 0.90603034 0.90567663 0.90466875 0.90280527 0.90255289]
16. Best individuals (target): [0.90255289 0.90280527 0.90466875 0.90567663 0.90603034 0.90626276
 0.90715865 0.90810141 0.90838769 0.90916182 0.91220828 0.91240187
 0.91270296 0.91388988 0.91538089 0.91565643 0.91605691 0.91722333
 0.91818304 0.91822485 0.91825054 0.91839769 0.91905447 0.91909703
 0.91953905 0.92094536 0.9224567  0.92305917 0.92338664 0.92418085
 0.92436693 0.92481452 0.92548697 0.92559927 0.92607684 0.92783615
 0.93118764 0.93199116 0.94025096 0.94062948 0.94458081 0.9664278 ]Mean reward: 0.8792038614020565
Sessgen: 4.097447156906128, other: 0.0, select1: 0.008958578109741211, select2: 0.0010383129119873047, select3: 0.0, fit: 0.07186126708984375, score: 0.0

17. Best individuals (reward): [0.9664278  0.94458081 0.94062948 0.94025096 0.93345311 0.93199116
 0.93118764 0.92783615 0.92607684 0.92559927 0.92548697 0.92481452
 0.92436693 0.92418085 0.92338664 0.92305917 0.9224567  0.92159948
 0.92094536 0.91953905 0.91909703 0.91905447 0.91839769 0.91825054
 0.91822485 0.91818304 0.91722333 0.91605691 0.91565643 0.91538089
 0.91388988 0.91270296 0.91240187 0.91220828 0.90916182 0.90901437
 0.90901244 0.90838769 0.90810141 0.90715865 0.90626276 0.90603034]
17. Best individuals (target): [0.90603034 0.90626276 0.90715865 0.90810141 0.90838769 0.90901244
 0.90901437 0.90916182 0.91220828 0.91240187 0.91270296 0.91388988
 0.91538089 0.91565643 0.91605691 0.91722333 0.91818304 0.91822485
 0.91825054 0.91839769 0.91905447 0.91909703 0.91953905 0.92094536
 0.92159948 0.9224567  0.92305917 0.92338664 0.92418085 0.92436693
 0.92481452 0.92548697 0.92559927 0.92607684 0.92783615 0.93118764
 0.93199116 0.93345311 0.94025096 0.94062948 0.94458081 0.9664278 ]Mean reward: 0.8806028830442458
Sessgen: 3.8817338943481445, other: 0.0, select1: 0.0020074844360351562, select2: 0.0010004043579101562, select3: 0.0, fit: 0.07495760917663574, score: 0.0

18. Best individuals (reward): [0.9664278  0.94458081 0.94062948 0.94025096 0.93468826 0.93345311
 0.93199116 0.93118764 0.92783615 0.92607684 0.92568791 0.92559927
 0.92548697 0.92481452 0.92436693 0.92418085 0.92338664 0.92305917
 0.9224567  0.92159948 0.92094536 0.91953905 0.91909703 0.91905447
 0.91839769 0.91825054 0.91822485 0.91818304 0.91722333 0.9168959
 0.91605691 0.91565643 0.91538089 0.91388988 0.91270296 0.91240187
 0.91220828 0.90916182 0.90901437 0.90901244 0.90838769 0.90810141]
18. Best individuals (target): [0.90810141 0.90838769 0.90901244 0.90901437 0.90916182 0.91220828
 0.91240187 0.91270296 0.91388988 0.91538089 0.91565643 0.91605691
 0.9168959  0.91722333 0.91818304 0.91822485 0.91825054 0.91839769
 0.91905447 0.91909703 0.91953905 0.92094536 0.92159948 0.9224567
 0.92305917 0.92338664 0.92418085 0.92436693 0.92481452 0.92548697
 0.92559927 0.92568791 0.92607684 0.92783615 0.93118764 0.93199116
 0.93345311 0.93468826 0.94025096 0.94062948 0.94458081 0.9664278 ]Mean reward: 0.8830815095828431
Sessgen: 5.874907732009888, other: 0.0, select1: 0.003008127212524414, select2: 0.0, select3: 0.0, fit: 0.09396171569824219, score: 0.0

19. Best individuals (reward): [0.9664278  0.94458081 0.94062948 0.94027619 0.94025096 0.9391088
 0.93468826 0.93345311 0.93199116 0.93118764 0.92783615 0.92607684
 0.92568791 0.92559927 0.92548697 0.92481452 0.92436693 0.92418085
 0.92338664 0.92305917 0.9224567  0.92159948 0.92094536 0.91953905
 0.91909703 0.91905447 0.91839769 0.91825054 0.91822485 0.91818304
 0.91771629 0.91722333 0.9168959  0.91636452 0.91605691 0.91565643
 0.91538089 0.91513508 0.91388988 0.91278003 0.91270296 0.91240187]
19. Best individuals (target): [0.91240187 0.91270296 0.91278003 0.91388988 0.91513508 0.91538089
 0.91565643 0.91605691 0.91636452 0.9168959  0.91722333 0.91771629
 0.91818304 0.91822485 0.91825054 0.91839769 0.91905447 0.91909703
 0.91953905 0.92094536 0.92159948 0.9224567  0.92305917 0.92338664
 0.92418085 0.92436693 0.92481452 0.92548697 0.92559927 0.92568791
 0.92607684 0.92783615 0.93118764 0.93199116 0.93345311 0.93468826
 0.9391088  0.94025096 0.94027619 0.94062948 0.94458081 0.9664278 ]Mean reward: 0.8822055384299661
Sessgen: 4.275087594985962, other: 0.0, select1: 0.0019593238830566406, select2: 0.0010006427764892578, select3: 0.0, fit: 0.07356071472167969, score: 0.0

20. Best individuals (reward): [0.9664278  0.94458081 0.94062948 0.94027619 0.94025096 0.9391088
 0.93468826 0.93345311 0.93199116 0.93118764 0.92783615 0.92607684
 0.92568791 0.92559927 0.92548697 0.92481452 0.92436693 0.92418085
 0.92338664 0.92305917 0.9224567  0.92159948 0.92094536 0.91953905
 0.91909703 0.91905447 0.91839769 0.91825054 0.91822485 0.91818304
 0.91771629 0.91722333 0.9168959  0.91636452 0.91605691 0.91565643
 0.91538089 0.91513508 0.91388988 0.91278003 0.91270296 0.91240187]
20. Best individuals (target): [0.91240187 0.91270296 0.91278003 0.91388988 0.91513508 0.91538089
 0.91565643 0.91605691 0.91636452 0.9168959  0.91722333 0.91771629
 0.91818304 0.91822485 0.91825054 0.91839769 0.91905447 0.91909703
 0.91953905 0.92094536 0.92159948 0.9224567  0.92305917 0.92338664
 0.92418085 0.92436693 0.92481452 0.92548697 0.92559927 0.92568791
 0.92607684 0.92783615 0.93118764 0.93199116 0.93345311 0.93468826
 0.9391088  0.94025096 0.94027619 0.94062948 0.94458081 0.9664278 ]Mean reward: 0.879158872850151
Sessgen: 4.852495908737183, other: 0.0010001659393310547, select1: 0.002997159957885742, select2: 0.0019996166229248047, select3: 0.0010023117065429688, fit: 0.12399840354919434, score: 0.0

21. Best individuals (reward): [0.9664278  0.94709139 0.94458081 0.94062948 0.94027619 0.94025096
 0.9391088  0.93468826 0.93345311 0.93199116 0.93118764 0.92783615
 0.92607684 0.92568791 0.92559927 0.92548697 0.92481452 0.92436693
 0.92418085 0.92339422 0.92338664 0.92305917 0.92296714 0.9224567
 0.92159948 0.92094536 0.91953905 0.91909703 0.91905447 0.91839769
 0.91825054 0.91822485 0.91818304 0.91771629 0.91722333 0.9168959
 0.91636452 0.91605691 0.91565643 0.91538089 0.91513508 0.91388988]
21. Best individuals (target): [0.91388988 0.91513508 0.91538089 0.91565643 0.91605691 0.91636452
 0.9168959  0.91722333 0.91771629 0.91818304 0.91822485 0.91825054
 0.91839769 0.91905447 0.91909703 0.91953905 0.92094536 0.92159948
 0.9224567  0.92296714 0.92305917 0.92338664 0.92339422 0.92418085
 0.92436693 0.92481452 0.92548697 0.92559927 0.92568791 0.92607684
 0.92783615 0.93118764 0.93199116 0.93345311 0.93468826 0.9391088
 0.94025096 0.94027619 0.94062948 0.94458081 0.94709139 0.9664278 ]Mean reward: 0.881199183422316
Sessgen: 5.019549608230591, other: 0.0, select1: 0.002046346664428711, select2: 0.0010044574737548828, select3: 0.0, fit: 0.07636594772338867, score: 0.0

22. Best individuals (reward): [0.9664278  0.94709139 0.94458081 0.94062948 0.94027619 0.94025096
 0.93918872 0.9391088  0.9390099  0.93468826 0.93345311 0.93199116
 0.93118764 0.92783615 0.92607684 0.92594749 0.92568791 0.92559927
 0.92548697 0.92481452 0.92436693 0.92418085 0.92339422 0.92338664
 0.92305917 0.92296714 0.9224567  0.92159948 0.92094536 0.91953905
 0.91909703 0.91905447 0.91839769 0.91825054 0.91822485 0.91818304
 0.91771629 0.91722333 0.9168959  0.91636452 0.91605691 0.91565643]
22. Best individuals (target): [0.91565643 0.91605691 0.91636452 0.9168959  0.91722333 0.91771629
 0.91818304 0.91822485 0.91825054 0.91839769 0.91905447 0.91909703
 0.91953905 0.92094536 0.92159948 0.9224567  0.92296714 0.92305917
 0.92338664 0.92339422 0.92418085 0.92436693 0.92481452 0.92548697
 0.92559927 0.92568791 0.92594749 0.92607684 0.92783615 0.93118764
 0.93199116 0.93345311 0.93468826 0.9390099  0.9391088  0.93918872
 0.94025096 0.94027619 0.94062948 0.94458081 0.94709139 0.9664278 ]Mean reward: 0.8832324146779491
Sessgen: 4.3506388664245605, other: 0.0010132789611816406, select1: 0.0019965171813964844, select2: 0.0, select3: 0.0, fit: 0.07895302772521973, score: 0.0

23. Best individuals (reward): [0.9664278  0.94709139 0.94458081 0.94062948 0.94027619 0.94025096
 0.93918872 0.9391088  0.9390099  0.93468826 0.93345311 0.93199116
 0.93118764 0.92783615 0.92607684 0.92594749 0.92568791 0.92559927
 0.92548697 0.92481452 0.92436693 0.92418085 0.92379706 0.92339422
 0.92338664 0.92305917 0.92296714 0.9224567  0.92159948 0.92094536
 0.91953905 0.91909703 0.91905447 0.91839769 0.91825054 0.91822485
 0.91818304 0.91771629 0.91722333 0.9168959  0.91636452 0.91605691]
23. Best individuals (target): [0.91605691 0.91636452 0.9168959  0.91722333 0.91771629 0.91818304
 0.91822485 0.91825054 0.91839769 0.91905447 0.91909703 0.91953905
 0.92094536 0.92159948 0.9224567  0.92296714 0.92305917 0.92338664
 0.92339422 0.92379706 0.92418085 0.92436693 0.92481452 0.92548697
 0.92559927 0.92568791 0.92594749 0.92607684 0.92783615 0.93118764
 0.93199116 0.93345311 0.93468826 0.9390099  0.9391088  0.93918872
 0.94025096 0.94027619 0.94062948 0.94458081 0.94709139 0.9664278 ]Mean reward: 0.8834652740311089
Sessgen: 4.062561988830566, other: 0.0, select1: 0.002007007598876953, select2: 0.0010004043579101562, select3: 0.0, fit: 0.07695531845092773, score: 0.0

24. Best individuals (reward): [0.9664278  0.94709139 0.94458081 0.94062948 0.94027619 0.94025096
 0.93918872 0.9391088  0.9390099  0.93468826 0.93345311 0.93199116
 0.93193122 0.93118764 0.92783615 0.92607684 0.92594749 0.92568791
 0.92559927 0.92548697 0.92481452 0.92436693 0.92418085 0.92379706
 0.92339422 0.92338664 0.92305917 0.92296714 0.9224567  0.92159948
 0.92094536 0.91953905 0.91909703 0.91905447 0.91839769 0.91825054
 0.91822485 0.91818304 0.91771629 0.91722333 0.9168959  0.91636452]
24. Best individuals (target): [0.91636452 0.9168959  0.91722333 0.91771629 0.91818304 0.91822485
 0.91825054 0.91839769 0.91905447 0.91909703 0.91953905 0.92094536
 0.92159948 0.9224567  0.92296714 0.92305917 0.92338664 0.92339422
 0.92379706 0.92418085 0.92436693 0.92481452 0.92548697 0.92559927
 0.92568791 0.92594749 0.92607684 0.92783615 0.93118764 0.93193122
 0.93199116 0.93345311 0.93468826 0.9390099  0.9391088  0.93918872
 0.94025096 0.94027619 0.94062948 0.94458081 0.94709139 0.9664278 ]Mean reward: 0.8866962623271866
Sessgen: 4.165298938751221, other: 0.0, select1: 0.00203704833984375, select2: 0.0010037422180175781, select3: 0.0, fit: 0.0809640884399414, score: 0.0009968280792236328

25. Best individuals (reward): [0.9664278  0.94709139 0.94458081 0.94062948 0.94027619 0.94025096
 0.93918872 0.9391088  0.9390099  0.93468826 0.93345311 0.93199116
 0.93193122 0.93118764 0.92783615 0.92607684 0.92594749 0.92568791
 0.92559927 0.92548697 0.92481452 0.92436693 0.92418085 0.92379706
 0.92339422 0.92338664 0.92305917 0.92296714 0.9224567  0.92159948
 0.92094536 0.91953905 0.91909703 0.91905447 0.91839769 0.91825054
 0.91822485 0.91818304 0.91771629 0.91722333 0.9168959  0.91636452]
25. Best individuals (target): [0.91636452 0.9168959  0.91722333 0.91771629 0.91818304 0.91822485
 0.91825054 0.91839769 0.91905447 0.91909703 0.91953905 0.92094536
 0.92159948 0.9224567  0.92296714 0.92305917 0.92338664 0.92339422
 0.92379706 0.92418085 0.92436693 0.92481452 0.92548697 0.92559927
 0.92568791 0.92594749 0.92607684 0.92783615 0.93118764 0.93193122
 0.93199116 0.93345311 0.93468826 0.9390099  0.9391088  0.93918872
 0.94025096 0.94027619 0.94062948 0.94458081 0.94709139 0.9664278 ]Mean reward: 0.8853209727068853
Sessgen: 4.231089353561401, other: 0.0, select1: 0.0020012855529785156, select2: 0.0010006427764892578, select3: 0.0, fit: 0.07307577133178711, score: 0.0009982585906982422

26. Best individuals (reward): [0.9664278  0.94709139 0.94458081 0.94062948 0.94027619 0.94025096
 0.93918872 0.9391088  0.9390099  0.93468826 0.93345311 0.93199116
 0.93193122 0.93118764 0.92783615 0.92607684 0.92594749 0.92568791
 0.92559927 0.92548697 0.92481452 0.92436693 0.92418085 0.92379706
 0.92339422 0.92338664 0.92305917 0.92296714 0.92274188 0.9224567
 0.92159948 0.92094536 0.91953905 0.91909703 0.91905447 0.91839769
 0.91825054 0.91822485 0.91818304 0.91771629 0.91722333 0.9168959 ]
26. Best individuals (target): [0.9168959  0.91722333 0.91771629 0.91818304 0.91822485 0.91825054
 0.91839769 0.91905447 0.91909703 0.91953905 0.92094536 0.92159948
 0.9224567  0.92274188 0.92296714 0.92305917 0.92338664 0.92339422
 0.92379706 0.92418085 0.92436693 0.92481452 0.92548697 0.92559927
 0.92568791 0.92594749 0.92607684 0.92783615 0.93118764 0.93193122
 0.93199116 0.93345311 0.93468826 0.9390099  0.9391088  0.93918872
 0.94025096 0.94027619 0.94062948 0.94458081 0.94709139 0.9664278 ]Mean reward: 0.8884589513146431
Sessgen: 4.037449598312378, other: 0.0, select1: 0.004008054733276367, select2: 0.0010001659393310547, select3: 0.0, fit: 0.07307958602905273, score: 0.0

27. Best individuals (reward): [0.9664278  0.94709139 0.94458081 0.94062948 0.94027619 0.94025096
 0.93918872 0.9391088  0.9390099  0.93468826 0.93345311 0.93255361
 0.93199116 0.93193122 0.93118764 0.92783615 0.92607684 0.92594749
 0.92568791 0.92559927 0.92548697 0.92481452 0.92436693 0.92418085
 0.92379706 0.92339422 0.92338664 0.92305917 0.92296714 0.92274188
 0.9224567  0.92159948 0.92094536 0.91953905 0.91909703 0.91905447
 0.91839769 0.91825054 0.91822485 0.91818304 0.91771629 0.91722333]
27. Best individuals (target): [0.91722333 0.91771629 0.91818304 0.91822485 0.91825054 0.91839769
 0.91905447 0.91909703 0.91953905 0.92094536 0.92159948 0.9224567
 0.92274188 0.92296714 0.92305917 0.92338664 0.92339422 0.92379706
 0.92418085 0.92436693 0.92481452 0.92548697 0.92559927 0.92568791
 0.92594749 0.92607684 0.92783615 0.93118764 0.93193122 0.93199116
 0.93255361 0.93345311 0.93468826 0.9390099  0.9391088  0.93918872
 0.94025096 0.94027619 0.94062948 0.94458081 0.94709139 0.9664278 ]Mean reward: 0.8793282700399021
Sessgen: 4.192631483078003, other: 0.0, select1: 0.002008199691772461, select2: 0.0009989738464355469, select3: 0.0, fit: 0.07995748519897461, score: 0.0

28. Best individuals (reward): [0.9664278  0.94709139 0.94458081 0.94062948 0.94027619 0.94025096
 0.93918872 0.9391088  0.9390099  0.93468826 0.93345311 0.93255361
 0.93199116 0.93193122 0.93118764 0.93031871 0.92783615 0.92607684
 0.92594749 0.92568791 0.92559927 0.92548697 0.92481452 0.92436693
 0.92418085 0.92379706 0.92339422 0.92338664 0.92305917 0.92296714
 0.92274188 0.9224567  0.92159948 0.92103997 0.92094536 0.91953905
 0.91909703 0.91905447 0.91839769 0.91825054 0.91822485 0.91818304]
28. Best individuals (target): [0.91818304 0.91822485 0.91825054 0.91839769 0.91905447 0.91909703
 0.91953905 0.92094536 0.92103997 0.92159948 0.9224567  0.92274188
 0.92296714 0.92305917 0.92338664 0.92339422 0.92379706 0.92418085
 0.92436693 0.92481452 0.92548697 0.92559927 0.92568791 0.92594749
 0.92607684 0.92783615 0.93031871 0.93118764 0.93193122 0.93199116
 0.93255361 0.93345311 0.93468826 0.9390099  0.9391088  0.93918872
 0.94025096 0.94027619 0.94062948 0.94458081 0.94709139 0.9664278 ]Mean reward: 0.8817245339872736
Sessgen: 4.574118375778198, other: 0.0, select1: 0.001991748809814453, select2: 0.0009984970092773438, select3: 0.0, fit: 0.07596397399902344, score: 0.0

29. Best individuals (reward): [0.9664278  0.94709139 0.94458081 0.94062948 0.94027619 0.94025096
 0.93918872 0.9391088  0.9390099  0.93468826 0.93345311 0.93255361
 0.93199116 0.93193122 0.93118764 0.93031871 0.92783615 0.92607684
 0.92594749 0.92568791 0.92559927 0.92548697 0.92481452 0.92436693
 0.92418085 0.92379706 0.92339422 0.92338664 0.92305917 0.92296714
 0.92274188 0.9224567  0.92159948 0.92103997 0.92094536 0.91953905
 0.91909703 0.91905447 0.91839769 0.91825054 0.91822485 0.91818304]
29. Best individuals (target): [0.91818304 0.91822485 0.91825054 0.91839769 0.91905447 0.91909703
 0.91953905 0.92094536 0.92103997 0.92159948 0.9224567  0.92274188
 0.92296714 0.92305917 0.92338664 0.92339422 0.92379706 0.92418085
 0.92436693 0.92481452 0.92548697 0.92559927 0.92568791 0.92594749
 0.92607684 0.92783615 0.93031871 0.93118764 0.93193122 0.93199116
 0.93255361 0.93345311 0.93468826 0.9390099  0.9391088  0.93918872
 0.94025096 0.94027619 0.94062948 0.94458081 0.94709139 0.9664278 ]Mean reward: 0.8813277816750041
Sessgen: 4.1918625831604, other: 0.0, select1: 0.0019626617431640625, select2: 0.0009992122650146484, select3: 0.0, fit: 0.0755927562713623, score: 0.0009596347808837891

30. Best individuals (reward): [0.9664278  0.94709139 0.94458081 0.94062948 0.94027619 0.94025096
 0.93918872 0.9391088  0.9390099  0.93468826 0.93345311 0.93255361
 0.93199116 0.93193122 0.93118764 0.93060272 0.93031871 0.92783615
 0.92607684 0.92594749 0.92568791 0.92559927 0.92548697 0.92481452
 0.92436693 0.92418085 0.92379706 0.92339422 0.92338664 0.92305917
 0.92296714 0.92274188 0.9224567  0.92205164 0.92159948 0.92103997
 0.92094536 0.91953905 0.91909703 0.91905447 0.91839769 0.91825054]
30. Best individuals (target): [0.91825054 0.91839769 0.91905447 0.91909703 0.91953905 0.92094536
 0.92103997 0.92159948 0.92205164 0.9224567  0.92274188 0.92296714
 0.92305917 0.92338664 0.92339422 0.92379706 0.92418085 0.92436693
 0.92481452 0.92548697 0.92559927 0.92568791 0.92594749 0.92607684
 0.92783615 0.93031871 0.93060272 0.93118764 0.93193122 0.93199116
 0.93255361 0.93345311 0.93468826 0.9390099  0.9391088  0.93918872
 0.94025096 0.94027619 0.94062948 0.94458081 0.94709139 0.9664278 ]Mean reward: 0.8852631612147404
Sessgen: 5.52900767326355, other: 0.0009975433349609375, select1: 0.005002021789550781, select2: 0.0019969940185546875, select3: 0.0, fit: 0.1800060272216797, score: 0.0009963512420654297

31. Best individuals (reward): [0.9664278  0.94709139 0.94458081 0.94062948 0.94027619 0.94025096
 0.93918872 0.9391088  0.9390099  0.93468826 0.93345311 0.93255361
 0.93199116 0.93193122 0.93118764 0.93060272 0.93031871 0.92783615
 0.92607684 0.92594749 0.92568791 0.92559927 0.92548697 0.92481452
 0.92436693 0.92418085 0.92379706 0.92339422 0.92338664 0.92305917
 0.92296714 0.92274188 0.9224567  0.92205164 0.92159948 0.92103997
 0.92094536 0.91953905 0.91909703 0.91905447 0.91839769 0.91825054]
31. Best individuals (target): [0.91825054 0.91839769 0.91905447 0.91909703 0.91953905 0.92094536
 0.92103997 0.92159948 0.92205164 0.9224567  0.92274188 0.92296714
 0.92305917 0.92338664 0.92339422 0.92379706 0.92418085 0.92436693
 0.92481452 0.92548697 0.92559927 0.92568791 0.92594749 0.92607684
 0.92783615 0.93031871 0.93060272 0.93118764 0.93193122 0.93199116
 0.93255361 0.93345311 0.93468826 0.9390099  0.9391088  0.93918872
 0.94025096 0.94027619 0.94062948 0.94458081 0.94709139 0.9664278 ]Mean reward: 0.8842284569368875
Sessgen: 7.253723621368408, other: 0.0009903907775878906, select1: 0.0020024776458740234, select2: 0.0009982585906982422, select3: 0.0, fit: 0.0999751091003418, score: 0.0

32. Best individuals (reward): [0.9664278  0.94709139 0.94458081 0.94398687 0.94062948 0.94027619
 0.94025096 0.93918872 0.9391088  0.9390099  0.93468826 0.93345311
 0.93255361 0.93199116 0.93193122 0.93118764 0.93060272 0.93031871
 0.92783615 0.92684243 0.92607684 0.92594749 0.92568791 0.92559927
 0.92548697 0.92481452 0.92468284 0.92436693 0.92418085 0.92379706
 0.92339422 0.92338664 0.92305917 0.92296714 0.92274188 0.9224567
 0.92205164 0.92159948 0.92103997 0.92094536 0.91953905 0.91909703]
32. Best individuals (target): [0.91909703 0.91953905 0.92094536 0.92103997 0.92159948 0.92205164
 0.9224567  0.92274188 0.92296714 0.92305917 0.92338664 0.92339422
 0.92379706 0.92418085 0.92436693 0.92468284 0.92481452 0.92548697
 0.92559927 0.92568791 0.92594749 0.92607684 0.92684243 0.92783615
 0.93031871 0.93060272 0.93118764 0.93193122 0.93199116 0.93255361
 0.93345311 0.93468826 0.9390099  0.9391088  0.93918872 0.94025096
 0.94027619 0.94062948 0.94398687 0.94458081 0.94709139 0.9664278 ]Mean reward: 0.8872795981561221
Sessgen: 5.262289047241211, other: 0.0, select1: 0.0049970149993896484, select2: 0.0010004043579101562, select3: 0.0, fit: 0.08897519111633301, score: 0.0

33. Best individuals (reward): [0.9664278  0.94709139 0.94458081 0.94398687 0.94301129 0.94062948
 0.94027619 0.94025096 0.93918872 0.9391088  0.9390099  0.93686063
 0.93468826 0.93345311 0.9328966  0.93255361 0.93199116 0.93193122
 0.93118764 0.93060272 0.93031871 0.92783615 0.92684243 0.92607684
 0.92594749 0.92568791 0.92559927 0.92548697 0.92481452 0.92468284
 0.92436693 0.92418085 0.92379706 0.92339422 0.92338664 0.92305917
 0.92296714 0.92274188 0.9224567  0.92205164 0.92159948 0.92103997]
33. Best individuals (target): [0.92103997 0.92159948 0.92205164 0.9224567  0.92274188 0.92296714
 0.92305917 0.92338664 0.92339422 0.92379706 0.92418085 0.92436693
