
0. Best individuals (reward): [0.82591667 0.7900654  0.7823587  0.78089519 0.77846915 0.7743958
 0.77283455 0.77153396 0.77052333 0.76582526 0.75688207 0.74682724
 0.7465197  0.74264776 0.74023465 0.73002377 0.71702947 0.71299977
 0.71299977 0.71224277 0.70710678 0.70605375 0.70605375 0.70465908
 0.69637403 0.69052284 0.68718921 0.68602884 0.68540342 0.68405053]
0. Best individuals (target): [0.68405053 0.68540342 0.68602884 0.68718921 0.69052284 0.69637403
 0.70465908 0.70605375 0.70605375 0.70710678 0.71224277 0.71299977
 0.71299977 0.71702947 0.73002377 0.74023465 0.74264776 0.7465197
 0.74682724 0.75688207 0.76582526 0.77052333 0.77153396 0.77283455
 0.7743958  0.77846915 0.78089519 0.7823587  0.7900654  0.82591667]Mean reward: 0.6619758610458323
Sessgen: 6.53383207321167, other: 0.0, select1: 0.004628896713256836, select2: 0.0, select3: 0.0, fit: 1.4876270294189453, score: 0.0

1. Best individuals (reward): [0.82591667 0.7900654  0.7823587  0.7823587  0.78089519 0.77846915
 0.7743958  0.77283455 0.77283455 0.77283455 0.77211    0.77153396
 0.77052333 0.76582526 0.76286466 0.76152597 0.75688207 0.75587031
 0.74682724 0.7465197  0.74314599 0.74264776 0.74264776 0.74023465
 0.74023465 0.73953013 0.73002377 0.72286254 0.71702947 0.71299977]
1. Best individuals (target): [0.71299977 0.71702947 0.72286254 0.73002377 0.73953013 0.74023465
 0.74023465 0.74264776 0.74264776 0.74314599 0.7465197  0.74682724
 0.75587031 0.75688207 0.76152597 0.76286466 0.76582526 0.77052333
 0.77153396 0.77211    0.77283455 0.77283455 0.77283455 0.7743958
 0.77846915 0.78089519 0.7823587  0.7823587  0.7900654  0.82591667]Mean reward: 0.6909338533857127
Sessgen: 6.468143939971924, other: 0.004082679748535156, select1: 0.007056474685668945, select2: 0.0019974708557128906, select3: 0.0, fit: 0.1928102970123291, score: 0.0

2. Best individuals (reward): [0.82591667 0.82591667 0.7900654  0.78574758 0.7823587  0.7823587
 0.78089519 0.77846915 0.7743958  0.77283455 0.77283455 0.77283455
 0.77211    0.77153396 0.77052333 0.77052333 0.77052333 0.76881023
 0.76582526 0.76511681 0.76286466 0.76286466 0.76152597 0.75688207
 0.75587031 0.75587031 0.75587031 0.75046311 0.74958001 0.74682724
 0.7465197 ]
2. Best individuals (target): [0.7465197  0.74682724 0.74958001 0.75046311 0.75587031 0.75587031
 0.75587031 0.75688207 0.76152597 0.76286466 0.76286466 0.76511681
 0.76582526 0.76881023 0.77052333 0.77052333 0.77052333 0.77153396
 0.77211    0.77283455 0.77283455 0.77283455 0.7743958  0.77846915
 0.78089519 0.7823587  0.7823587  0.78574758 0.7900654  0.82591667
 0.82591667]Mean reward: 0.7131407982575796
Sessgen: 6.8521552085876465, other: 0.001367807388305664, select1: 0.0026264190673828125, select2: 0.002202272415161133, select3: 0.0002589225769042969, fit: 0.12584137916564941, score: 0.000993490219116211

3. Best individuals (reward): [0.85751384 0.82591667 0.82591667 0.7900654  0.7900654  0.78574758
 0.7823587  0.7823587  0.78089519 0.77846915 0.7743958  0.77283455
 0.77283455 0.77283455 0.77211    0.77211    0.77153396 0.77052333
 0.77052333 0.77052333 0.77052333 0.76881023 0.76582526 0.76582526
 0.76511681 0.76286466 0.76286466 0.76152597 0.75688207 0.75688207]
3. Best individuals (target): [0.75688207 0.75688207 0.76152597 0.76286466 0.76286466 0.76511681
 0.76582526 0.76582526 0.76881023 0.77052333 0.77052333 0.77052333
 0.77052333 0.77153396 0.77211    0.77211    0.77283455 0.77283455
 0.77283455 0.7743958  0.77846915 0.78089519 0.7823587  0.7823587
 0.78574758 0.7900654  0.7900654  0.82591667 0.82591667 0.85751384]Mean reward: 0.713991924384159
Sessgen: 6.639940023422241, other: 0.0, select1: 0.0010058879852294922, select2: 0.004039287567138672, select3: 0.0, fit: 0.1835014820098877, score: 0.001005411148071289

4. Best individuals (reward): [0.85751384 0.82591667 0.82591667 0.7900654  0.7900654  0.7900654
 0.78574758 0.7823587  0.7823587  0.78089519 0.77846915 0.7743958
 0.77283455 0.77283455 0.77283455 0.77211    0.77211    0.77211
 0.77153396 0.77052333 0.77052333 0.77052333 0.77052333 0.76881023
 0.76582526 0.76582526 0.76511681 0.76286466 0.76286466 0.76152597
 0.76152597]
4. Best individuals (target): [0.76152597 0.76152597 0.76286466 0.76286466 0.76511681 0.76582526
 0.76582526 0.76881023 0.77052333 0.77052333 0.77052333 0.77052333
 0.77153396 0.77211    0.77211    0.77211    0.77283455 0.77283455
 0.77283455 0.7743958  0.77846915 0.78089519 0.7823587  0.7823587
 0.78574758 0.7900654  0.7900654  0.7900654  0.82591667 0.82591667
 0.85751384]Mean reward: 0.7050121020347414
Sessgen: 7.302886962890625, other: 0.0005471706390380859, select1: 0.006390571594238281, select2: 0.002603769302368164, select3: 0.0, fit: 0.20854663848876953, score: 0.0

5. Best individuals (reward): [0.85751384 0.85751384 0.82591667 0.82591667 0.7900654  0.7900654
 0.7900654  0.78574758 0.7823587  0.7823587  0.7823587  0.7823587
 0.78089519 0.77846915 0.7743958  0.77283455 0.77283455 0.77283455
 0.77283455 0.77283455 0.77211    0.77211    0.77211    0.77211
 0.77153396 0.77052333 0.77052333 0.77052333 0.77052333 0.77052333
 0.76881023]
5. Best individuals (target): [0.76881023 0.77052333 0.77052333 0.77052333 0.77052333 0.77052333
 0.77153396 0.77211    0.77211    0.77211    0.77211    0.77283455
 0.77283455 0.77283455 0.77283455 0.77283455 0.7743958  0.77846915
 0.78089519 0.7823587  0.7823587  0.7823587  0.7823587  0.78574758
 0.7900654  0.7900654  0.7900654  0.82591667 0.82591667 0.85751384
 0.85751384]Mean reward: 0.7204709996621387
Sessgen: 7.554037570953369, other: 0.0, select1: 0.004733085632324219, select2: 0.0010499954223632812, select3: 0.0, fit: 0.14009547233581543, score: 0.0009911060333251953

6. Best individuals (reward): [0.85751384 0.85751384 0.85751384 0.85751384 0.83545601 0.82591667
 0.82591667 0.81340183 0.7900654  0.7900654  0.7900654  0.78574758
 0.7823587  0.7823587  0.7823587  0.7823587  0.78089519 0.77846915
 0.7743958  0.77283455 0.77283455 0.77283455 0.77283455 0.77283455
 0.77283455 0.77283455 0.77251732 0.77211    0.77211    0.77211   ]
6. Best individuals (target): [0.77211    0.77211    0.77211    0.77251732 0.77283455 0.77283455
 0.77283455 0.77283455 0.77283455 0.77283455 0.77283455 0.7743958
 0.77846915 0.78089519 0.7823587  0.7823587  0.7823587  0.7823587
 0.78574758 0.7900654  0.7900654  0.7900654  0.81340183 0.82591667
 0.82591667 0.83545601 0.85751384 0.85751384 0.85751384 0.85751384]Mean reward: 0.7326471183431502
Sessgen: 7.718678712844849, other: 0.0, select1: 0.0060749053955078125, select2: 0.0, select3: 0.004091501235961914, fit: 0.18638348579406738, score: 0.0

7. Best individuals (reward): [0.85751384 0.85751384 0.85751384 0.85751384 0.85751384 0.83545601
 0.82591667 0.82591667 0.81340183 0.7900654  0.7900654  0.7900654
 0.7900654  0.78603507 0.78574758 0.7823587  0.7823587  0.7823587
 0.7823587  0.7823587  0.78089519 0.77846915 0.7743958  0.7743958
 0.77283455 0.77283455 0.77283455 0.77283455 0.77283455 0.77283455
 0.77283455]
7. Best individuals (target): [0.77283455 0.77283455 0.77283455 0.77283455 0.77283455 0.77283455
 0.77283455 0.7743958  0.7743958  0.77846915 0.78089519 0.7823587
 0.7823587  0.7823587  0.7823587  0.7823587  0.78574758 0.78603507
 0.7900654  0.7900654  0.7900654  0.7900654  0.81340183 0.82591667
 0.82591667 0.83545601 0.85751384 0.85751384 0.85751384 0.85751384
 0.85751384]Mean reward: 0.7169223899165107
Sessgen: 6.411964654922485, other: 0.004105567932128906, select1: 0.0015261173248291016, select2: 0.0, select3: 0.0040776729583740234, fit: 0.14979052543640137, score: 0.0010573863983154297

8. Best individuals (reward): [0.85751384 0.85751384 0.85751384 0.85751384 0.85751384 0.83545601
 0.82591667 0.82591667 0.81340183 0.7900654  0.7900654  0.7900654
 0.7900654  0.78603507 0.78574758 0.7823587  0.7823587  0.7823587
 0.7823587  0.7823587  0.78089519 0.77846915 0.7743958  0.7743958
 0.77283455 0.77283455 0.77283455 0.77283455 0.77283455 0.77283455
 0.77283455]
8. Best individuals (target): [0.77283455 0.77283455 0.77283455 0.77283455 0.77283455 0.77283455
 0.77283455 0.7743958  0.7743958  0.77846915 0.78089519 0.7823587
 0.7823587  0.7823587  0.7823587  0.7823587  0.78574758 0.78603507
 0.7900654  0.7900654  0.7900654  0.7900654  0.81340183 0.82591667
 0.82591667 0.83545601 0.85751384 0.85751384 0.85751384 0.85751384
 0.85751384]Mean reward: 0.715500635894398
Sessgen: 6.143937110900879, other: 0.0, select1: 0.004052639007568359, select2: 0.0, select3: 0.0, fit: 0.14291906356811523, score: 0.0010058879852294922

9. Best individuals (reward): [0.85751384 0.85751384 0.85751384 0.85751384 0.85751384 0.85751384
 0.83545601 0.82591667 0.82591667 0.81340183 0.7900654  0.7900654
 0.7900654  0.7900654  0.7900654  0.78965667 0.78603507 0.78574758
 0.7823587  0.7823587  0.7823587  0.7823587  0.7823587  0.78089519
 0.78089519 0.77846915 0.7743958  0.7743958  0.77283455 0.77283455]
9. Best individuals (target): [0.77283455 0.77283455 0.7743958  0.7743958  0.77846915 0.78089519
 0.78089519 0.7823587  0.7823587  0.7823587  0.7823587  0.7823587
 0.78574758 0.78603507 0.78965667 0.7900654  0.7900654  0.7900654
 0.7900654  0.7900654  0.81340183 0.82591667 0.82591667 0.83545601
 0.85751384 0.85751384 0.85751384 0.85751384 0.85751384 0.85751384]Mean reward: 0.7219566648546666
Sessgen: 6.048006296157837, other: 0.0009982585906982422, select1: 0.0063533782958984375, select2: 0.0023169517517089844, select3: 0.0, fit: 0.1676781177520752, score: 0.0

10. Best individuals (reward): [0.85751384 0.85751384 0.85751384 0.85751384 0.85751384 0.85751384
 0.85751384 0.83545601 0.83545601 0.82591667 0.82591667 0.82496145
 0.81340183 0.7900654  0.7900654  0.7900654  0.7900654  0.7900654
 0.7900654  0.78965667 0.78603507 0.78574758 0.7823587  0.7823587
 0.7823587  0.7823587  0.7823587  0.78223497 0.78139485 0.78089519
 0.78089519]
10. Best individuals (target): [0.78089519 0.78089519 0.78139485 0.78223497 0.7823587  0.7823587
 0.7823587  0.7823587  0.7823587  0.78574758 0.78603507 0.78965667
 0.7900654  0.7900654  0.7900654  0.7900654  0.7900654  0.7900654
 0.81340183 0.82496145 0.82591667 0.82591667 0.83545601 0.83545601
 0.85751384 0.85751384 0.85751384 0.85751384 0.85751384 0.85751384
 0.85751384]Mean reward: 0.722003345080634
Sessgen: 6.296806335449219, other: 0.0, select1: 0.003999471664428711, select2: 0.0, select3: 0.0, fit: 0.15693426132202148, score: 0.00037288665771484375

11. Best individuals (reward): [0.85751384 0.85751384 0.85751384 0.85751384 0.85751384 0.85751384
 0.85751384 0.85751384 0.83545601 0.83545601 0.82591667 0.82591667
 0.82496145 0.81340183 0.80257474 0.7900654  0.7900654  0.7900654
 0.7900654  0.7900654  0.7900654  0.78965667 0.78603507 0.78574758
 0.7823587  0.7823587  0.7823587  0.7823587  0.7823587  0.7823587
 0.78223497]
11. Best individuals (target): [0.78223497 0.7823587  0.7823587  0.7823587  0.7823587  0.7823587
 0.7823587  0.78574758 0.78603507 0.78965667 0.7900654  0.7900654
 0.7900654  0.7900654  0.7900654  0.7900654  0.80257474 0.81340183
 0.82496145 0.82591667 0.82591667 0.83545601 0.83545601 0.85751384
 0.85751384 0.85751384 0.85751384 0.85751384 0.85751384 0.85751384
 0.85751384]Mean reward: 0.7260600070733628
Sessgen: 6.784120321273804, other: 0.0, select1: 0.005706071853637695, select2: 0.0, select3: 0.0, fit: 0.15114307403564453, score: 0.0

12. Best individuals (reward): [0.85751384 0.85751384 0.85751384 0.85751384 0.85751384 0.85751384
 0.85751384 0.85751384 0.85751384 0.83545601 0.83545601 0.82591667
 0.82591667 0.82496145 0.81340183 0.80257474 0.7900654  0.7900654
 0.7900654  0.7900654  0.7900654  0.7900654  0.78965667 0.78603507
 0.78574758 0.7823587  0.7823587  0.7823587  0.7823587  0.7823587 ]
12. Best individuals (target): [0.7823587  0.7823587  0.7823587  0.7823587  0.7823587  0.78574758
 0.78603507 0.78965667 0.7900654  0.7900654  0.7900654  0.7900654
 0.7900654  0.7900654  0.80257474 0.81340183 0.82496145 0.82591667
 0.82591667 0.83545601 0.83545601 0.85751384 0.85751384 0.85751384
 0.85751384 0.85751384 0.85751384 0.85751384 0.85751384 0.85751384]Mean reward: 0.7271625061620309
Sessgen: 6.274121046066284, other: 0.0, select1: 0.006494998931884766, select2: 0.0024957656860351562, select3: 0.0, fit: 0.1451711654663086, score: 0.0

13. Best individuals (reward): [0.85751384 0.85751384 0.85751384 0.85751384 0.85751384 0.85751384
 0.85751384 0.85751384 0.85751384 0.85751384 0.83545601 0.83545601
 0.82591667 0.82591667 0.82496145 0.81340183 0.80257474 0.7900654
 0.7900654  0.7900654  0.7900654  0.7900654  0.7900654  0.7900654
 0.7900654  0.78965667 0.78603507 0.78574758 0.78384834 0.7823587
 0.7823587 ]
13. Best individuals (target): [0.7823587  0.7823587  0.78384834 0.78574758 0.78603507 0.78965667
 0.7900654  0.7900654  0.7900654  0.7900654  0.7900654  0.7900654
 0.7900654  0.7900654  0.80257474 0.81340183 0.82496145 0.82591667
 0.82591667 0.83545601 0.83545601 0.85751384 0.85751384 0.85751384
 0.85751384 0.85751384 0.85751384 0.85751384 0.85751384 0.85751384
 0.85751384]Mean reward: 0.732361542466534
Sessgen: 6.1210925579071045, other: 0.0, select1: 0.004043102264404297, select2: 0.003999471664428711, select3: 0.0, fit: 0.15174341201782227, score: 0.0

14. Best individuals (reward): [0.85751384 0.85751384 0.85751384 0.85751384 0.85751384 0.85751384
 0.85751384 0.85751384 0.85751384 0.85751384 0.85751384 0.83545601
 0.83545601 0.8299668  0.82591667 0.82591667 0.82496145 0.81340183
 0.80257474 0.7900654  0.7900654  0.7900654  0.7900654  0.7900654
 0.7900654  0.7900654  0.7900654  0.78965667 0.78603507 0.78574758
 0.78384834]
14. Best individuals (target): [0.78384834 0.78574758 0.78603507 0.78965667 0.7900654  0.7900654
 0.7900654  0.7900654  0.7900654  0.7900654  0.7900654  0.7900654
 0.80257474 0.81340183 0.82496145 0.82591667 0.82591667 0.8299668
 0.83545601 0.83545601 0.85751384 0.85751384 0.85751384 0.85751384
 0.85751384 0.85751384 0.85751384 0.85751384 0.85751384 0.85751384
 0.85751384]Mean reward: 0.7375850405700103
Sessgen: 6.093549966812134, other: 0.0, select1: 0.0019960403442382812, select2: 0.0, select3: 0.0, fit: 0.16331958770751953, score: 0.0

15. Best individuals (reward): [0.85751384 0.85751384 0.85751384 0.85751384 0.85751384 0.85751384
 0.85751384 0.85751384 0.85751384 0.85751384 0.85751384 0.83545601
 0.83545601 0.8299668  0.82591667 0.82591667 0.82496145 0.82379897
 0.81669309 0.81340183 0.80670211 0.80257474 0.7900654  0.7900654
 0.7900654  0.7900654  0.7900654  0.7900654  0.7900654  0.7900654
 0.78965667]
15. Best individuals (target): [0.78965667 0.7900654  0.7900654  0.7900654  0.7900654  0.7900654
 0.7900654  0.7900654  0.7900654  0.80257474 0.80670211 0.81340183
 0.81669309 0.82379897 0.82496145 0.82591667 0.82591667 0.8299668
 0.83545601 0.83545601 0.85751384 0.85751384 0.85751384 0.85751384
 0.85751384 0.85751384 0.85751384 0.85751384 0.85751384 0.85751384
 0.85751384]Mean reward: 0.7393309325588538
Sessgen: 7.403973579406738, other: 0.0, select1: 0.00400090217590332, select2: 0.0, select3: 0.0, fit: 0.1799159049987793, score: 9.703636169433594e-05

16. Best individuals (reward): [0.85751384 0.85751384 0.85751384 0.85751384 0.85751384 0.85751384
 0.85751384 0.85751384 0.85751384 0.85751384 0.85751384 0.83545601
 0.83545601 0.8299668  0.82591667 0.82591667 0.82496145 0.82379897
 0.81669309 0.81340183 0.80670211 0.80257474 0.79289112 0.7900654
 0.7900654  0.7900654  0.7900654  0.7900654  0.7900654  0.7900654
 0.7900654 ]
16. Best individuals (target): [0.7900654  0.7900654  0.7900654  0.7900654  0.7900654  0.7900654
 0.7900654  0.7900654  0.79289112 0.80257474 0.80670211 0.81340183
 0.81669309 0.82379897 0.82496145 0.82591667 0.82591667 0.8299668
 0.83545601 0.83545601 0.85751384 0.85751384 0.85751384 0.85751384
 0.85751384 0.85751384 0.85751384 0.85751384 0.85751384 0.85751384
 0.85751384]Mean reward: 0.7431064055509501
Sessgen: 7.981011390686035, other: 0.0, select1: 0.004429817199707031, select2: 0.0009975433349609375, select3: 0.0010008811950683594, fit: 0.10763716697692871, score: 0.0

17. Best individuals (reward): [0.85751384 0.85751384 0.85751384 0.85751384 0.85751384 0.85751384
 0.85751384 0.85751384 0.85751384 0.85751384 0.85751384 0.83545601
 0.83545601 0.8299668  0.82591667 0.82591667 0.82496145 0.82379897
 0.81669309 0.81340183 0.81328204 0.80670211 0.80257474 0.79289112
 0.7900654  0.7900654  0.7900654  0.7900654  0.7900654  0.7900654 ]
17. Best individuals (target): [0.7900654  0.7900654  0.7900654  0.7900654  0.7900654  0.7900654
 0.79289112 0.80257474 0.80670211 0.81328204 0.81340183 0.81669309
 0.82379897 0.82496145 0.82591667 0.82591667 0.8299668  0.83545601
 0.83545601 0.85751384 0.85751384 0.85751384 0.85751384 0.85751384
 0.85751384 0.85751384 0.85751384 0.85751384 0.85751384 0.85751384]Mean reward: 0.7452169770015752
Sessgen: 6.697816610336304, other: 0.0013048648834228516, select1: 0.008362531661987305, select2: 0.003297090530395508, select3: 0.0, fit: 0.21889591217041016, score: 0.0010018348693847656

18. Best individuals (reward): [0.85751384 0.85751384 0.85751384 0.85751384 0.85751384 0.85751384
 0.85751384 0.85751384 0.85751384 0.85751384 0.85751384 0.83545601
 0.83545601 0.8299668  0.82591667 0.82591667 0.82496145 0.82379897
 0.81669309 0.81340183 0.81328204 0.80670211 0.80487557 0.80257474
 0.79289112 0.7900654  0.7900654  0.7900654  0.7900654  0.7900654
 0.7900654 ]
18. Best individuals (target): [0.7900654  0.7900654  0.7900654  0.7900654  0.7900654  0.7900654
 0.79289112 0.80257474 0.80487557 0.80670211 0.81328204 0.81340183
 0.81669309 0.82379897 0.82496145 0.82591667 0.82591667 0.8299668
 0.83545601 0.83545601 0.85751384 0.85751384 0.85751384 0.85751384
 0.85751384 0.85751384 0.85751384 0.85751384 0.85751384 0.85751384
 0.85751384]Mean reward: 0.7401206417659217
Sessgen: 7.552574634552002, other: 0.0, select1: 0.0055234432220458984, select2: 0.0, select3: 0.0, fit: 0.19816827774047852, score: 0.0

19. Best individuals (reward): [0.85751384 0.85751384 0.85751384 0.85751384 0.85751384 0.85751384
 0.85751384 0.85751384 0.85751384 0.85751384 0.85751384 0.83545601
 0.83545601 0.8299668  0.82591667 0.82591667 0.82512803 0.82512803
 0.82496145 0.82379897 0.81669309 0.81340183 0.81328204 0.8085782
 0.80670211 0.80487557 0.80257474 0.79289112 0.7900654  0.7900654 ]
19. Best individuals (target): [0.7900654  0.7900654  0.79289112 0.80257474 0.80487557 0.80670211
 0.8085782  0.81328204 0.81340183 0.81669309 0.82379897 0.82496145
 0.82512803 0.82512803 0.82591667 0.82591667 0.8299668  0.83545601
 0.83545601 0.85751384 0.85751384 0.85751384 0.85751384 0.85751384
 0.85751384 0.85751384 0.85751384 0.85751384 0.85751384 0.85751384]Mean reward: 0.7620467773297619
Sessgen: 7.692393064498901, other: 0.0, select1: 0.004001140594482422, select2: 0.0, select3: 0.0, fit: 0.14696717262268066, score: 0.0

20. Best individuals (reward): [0.85751384 0.85751384 0.85751384 0.85751384 0.85751384 0.85751384
 0.85751384 0.85751384 0.85751384 0.85751384 0.85751384 0.83545601
 0.83545601 0.8299668  0.82591667 0.82591667 0.82512803 0.82512803
 0.82512803 0.82496145 0.82379897 0.81669309 0.81340183 0.81328204
 0.8085782  0.80670211 0.80487557 0.80487557 0.80257474 0.79289112]
20. Best individuals (target): [0.79289112 0.80257474 0.80487557 0.80487557 0.80670211 0.8085782
 0.81328204 0.81340183 0.81669309 0.82379897 0.82496145 0.82512803
 0.82512803 0.82512803 0.82591667 0.82591667 0.8299668  0.83545601
 0.83545601 0.85751384 0.85751384 0.85751384 0.85751384 0.85751384
 0.85751384 0.85751384 0.85751384 0.85751384 0.85751384 0.85751384]Mean reward: 0.7636669608904546
Sessgen: 6.9070258140563965, other: 0.0010004043579101562, select1: 0.003721475601196289, select2: 0.004052162170410156, select3: 0.0, fit: 0.19125843048095703, score: 0.0

21. Best individuals (reward): [0.85751384 0.85751384 0.85751384 0.85751384 0.85751384 0.85751384
 0.85751384 0.85751384 0.85751384 0.85751384 0.85751384 0.83545601
 0.83545601 0.8299668  0.82591667 0.82591667 0.82512803 0.82512803
 0.82512803 0.82496145 0.82379897 0.81669309 0.81340183 0.81328204
 0.8085782  0.80670211 0.80487557 0.80487557 0.80487557 0.80416045
 0.80257474]
21. Best individuals (target): [0.80257474 0.80416045 0.80487557 0.80487557 0.80487557 0.80670211
 0.8085782  0.81328204 0.81340183 0.81669309 0.82379897 0.82496145
 0.82512803 0.82512803 0.82512803 0.82591667 0.82591667 0.8299668
 0.83545601 0.83545601 0.85751384 0.85751384 0.85751384 0.85751384
 0.85751384 0.85751384 0.85751384 0.85751384 0.85751384 0.85751384
 0.85751384]Mean reward: 0.7583611811074208
Sessgen: 6.129047393798828, other: 0.0, select1: 0.0031473636627197266, select2: 0.0011818408966064453, select3: 0.0, fit: 0.15186166763305664, score: 0.0

22. Best individuals (reward): [0.85751384 0.85751384 0.85751384 0.85751384 0.85751384 0.85751384
 0.85751384 0.85751384 0.85751384 0.85751384 0.85751384 0.85751384
 0.83545601 0.83545601 0.83139288 0.8299668  0.82591667 0.82591667
 0.82512803 0.82512803 0.82512803 0.82496145 0.82379897 0.81669309
 0.81340183 0.81328204 0.80985282 0.8085782  0.80791483 0.80670211]
22. Best individuals (target): [0.80670211 0.80791483 0.8085782  0.80985282 0.81328204 0.81340183
 0.81669309 0.82379897 0.82496145 0.82512803 0.82512803 0.82512803
 0.82591667 0.82591667 0.8299668  0.83139288 0.83545601 0.83545601
 0.85751384 0.85751384 0.85751384 0.85751384 0.85751384 0.85751384
 0.85751384 0.85751384 0.85751384 0.85751384 0.85751384 0.85751384]Mean reward: 0.7726702118821493
Sessgen: 6.803331136703491, other: 0.004065513610839844, select1: 0.008598089218139648, select2: 0.0020384788513183594, select3: 0.0, fit: 0.18622303009033203, score: 0.0

23. Best individuals (reward): [0.85751384 0.85751384 0.85751384 0.85751384 0.85751384 0.85751384
 0.85751384 0.85751384 0.85751384 0.85751384 0.85751384 0.85751384
 0.83545601 0.83545601 0.83139288 0.8299668  0.82591667 0.82591667
 0.82512803 0.82512803 0.82512803 0.82512803 0.82496145 0.82379897
 0.82379897 0.81888503 0.81669309 0.81340183 0.81328204 0.80985282
 0.8085782 ]
23. Best individuals (target): [0.8085782  0.80985282 0.81328204 0.81340183 0.81669309 0.81888503
 0.82379897 0.82379897 0.82496145 0.82512803 0.82512803 0.82512803
 0.82512803 0.82591667 0.82591667 0.8299668  0.83139288 0.83545601
 0.83545601 0.85751384 0.85751384 0.85751384 0.85751384 0.85751384
 0.85751384 0.85751384 0.85751384 0.85751384 0.85751384 0.85751384
 0.85751384]Mean reward: 0.7675428252321373
Sessgen: 6.682394027709961, other: 0.0, select1: 0.0, select2: 0.004000186920166016, select3: 0.0, fit: 0.15227937698364258, score: 0.0005164146423339844

24. Best individuals (reward): [0.85751384 0.85751384 0.85751384 0.85751384 0.85751384 0.85751384
 0.85751384 0.85751384 0.85751384 0.85751384 0.85751384 0.85751384
 0.83545601 0.83545601 0.83139288 0.83139288 0.8299668  0.82591667
 0.82591667 0.82512803 0.82512803 0.82512803 0.82512803 0.82512803
 0.82496145 0.82379897 0.82379897 0.81888503 0.81669309 0.81640269
 0.81340183]
24. Best individuals (target): [0.81340183 0.81640269 0.81669309 0.81888503 0.82379897 0.82379897
 0.82496145 0.82512803 0.82512803 0.82512803 0.82512803 0.82512803
 0.82591667 0.82591667 0.8299668  0.83139288 0.83139288 0.83545601
 0.83545601 0.85751384 0.85751384 0.85751384 0.85751384 0.85751384
 0.85751384 0.85751384 0.85751384 0.85751384 0.85751384 0.85751384
 0.85751384]Mean reward: 0.7702143127352167
Sessgen: 5.7502031326293945, other: 0.0, select1: 0.005509138107299805, select2: 0.0, select3: 0.0, fit: 0.34386634826660156, score: 0.0

25. Best individuals (reward): [0.87263064 0.85751384 0.85751384 0.85751384 0.85751384 0.85751384
 0.85751384 0.85751384 0.85751384 0.85751384 0.85751384 0.85751384
 0.85751384 0.83545601 0.83545601 0.83139288 0.83139288 0.83139288
 0.8299668  0.82591667 0.82591667 0.82512803 0.82512803 0.82512803
 0.82512803 0.82512803 0.82512803 0.82496145 0.82379897 0.82379897
 0.81888503]
25. Best individuals (target): [0.81888503 0.82379897 0.82379897 0.82496145 0.82512803 0.82512803
 0.82512803 0.82512803 0.82512803 0.82512803 0.82591667 0.82591667
 0.8299668  0.83139288 0.83139288 0.83139288 0.83545601 0.83545601
 0.85751384 0.85751384 0.85751384 0.85751384 0.85751384 0.85751384
 0.85751384 0.85751384 0.85751384 0.85751384 0.85751384 0.85751384
 0.87263064]Mean reward: 0.7701508638467308
Sessgen: 6.048731565475464, other: 0.0, select1: 0.002998828887939453, select2: 0.0010018348693847656, select3: 0.0, fit: 0.12795805931091309, score: 0.0

26. Best individuals (reward): [0.87263064 0.85751384 0.85751384 0.85751384 0.85751384 0.85751384
 0.85751384 0.85751384 0.85751384 0.85751384 0.85751384 0.85751384
 0.85751384 0.83545601 0.83545601 0.83139288 0.83139288 0.83139288
 0.8299668  0.82591667 0.82591667 0.82512803 0.82512803 0.82512803
 0.82512803 0.82512803 0.82512803 0.82496145 0.82379897 0.82379897
 0.81888503]
26. Best individuals (target): [0.81888503 0.82379897 0.82379897 0.82496145 0.82512803 0.82512803
 0.82512803 0.82512803 0.82512803 0.82512803 0.82591667 0.82591667
 0.8299668  0.83139288 0.83139288 0.83139288 0.83545601 0.83545601
 0.85751384 0.85751384 0.85751384 0.85751384 0.85751384 0.85751384
 0.85751384 0.85751384 0.85751384 0.85751384 0.85751384 0.85751384
 0.87263064]Mean reward: 0.7712061362869466
Sessgen: 5.955906629562378, other: 0.0, select1: 0.007748842239379883, select2: 0.001172780990600586, select3: 0.0, fit: 0.17116308212280273, score: 0.0

27. Best individuals (reward): [0.87263064 0.85751384 0.85751384 0.85751384 0.85751384 0.85751384
 0.85751384 0.85751384 0.85751384 0.85751384 0.85751384 0.85751384
 0.85751384 0.83545601 0.83545601 0.83545601 0.83139288 0.83139288
 0.83139288 0.83139288 0.83011011 0.8299668  0.82591667 0.82591667
 0.82591667 0.82512803 0.82512803 0.82512803 0.82512803 0.82512803
 0.82512803]
27. Best individuals (target): [0.82512803 0.82512803 0.82512803 0.82512803 0.82512803 0.82512803
 0.82591667 0.82591667 0.82591667 0.8299668  0.83011011 0.83139288
 0.83139288 0.83139288 0.83139288 0.83545601 0.83545601 0.83545601
 0.85751384 0.85751384 0.85751384 0.85751384 0.85751384 0.85751384
 0.85751384 0.85751384 0.85751384 0.85751384 0.85751384 0.85751384
 0.87263064]Mean reward: 0.7700834683974921
Sessgen: 7.73996114730835, other: 0.0, select1: 0.004164218902587891, select2: 0.0, select3: 0.0, fit: 0.18094921112060547, score: 0.0

28. Best individuals (reward): [0.87263064 0.85751384 0.85751384 0.85751384 0.85751384 0.85751384
 0.85751384 0.85751384 0.85751384 0.85751384 0.85751384 0.85751384
 0.85751384 0.85751384 0.83545601 0.83545601 0.83545601 0.83139288
 0.83139288 0.83139288 0.83139288 0.83011011 0.8299668  0.82591667
 0.82591667 0.82591667 0.82512803 0.82512803 0.82512803 0.82512803]
28. Best individuals (target): [0.82512803 0.82512803 0.82512803 0.82512803 0.82591667 0.82591667
 0.82591667 0.8299668  0.83011011 0.83139288 0.83139288 0.83139288
 0.83139288 0.83545601 0.83545601 0.83545601 0.85751384 0.85751384
 0.85751384 0.85751384 0.85751384 0.85751384 0.85751384 0.85751384
 0.85751384 0.85751384 0.85751384 0.85751384 0.85751384 0.87263064]Mean reward: 0.7694037923638422
Sessgen: 7.5927894115448, other: 0.0, select1: 0.0009963512420654297, select2: 0.0040740966796875, select3: 0.0, fit: 0.20037221908569336, score: 0.0

29. Best individuals (reward): [0.87263064 0.85751384 0.85751384 0.85751384 0.85751384 0.85751384
 0.85751384 0.85751384 0.85751384 0.85751384 0.85751384 0.85751384
 0.85751384 0.85751384 0.83545601 0.83545601 0.83545601 0.83545601
 0.83139288 0.83139288 0.83139288 0.83139288 0.83011011 0.8299668
 0.82591667 0.82591667 0.82591667 0.82591667 0.82591667 0.82512803
 0.82512803]
29. Best individuals (target): [0.82512803 0.82512803 0.82591667 0.82591667 0.82591667 0.82591667
 0.82591667 0.8299668  0.83011011 0.83139288 0.83139288 0.83139288
 0.83139288 0.83545601 0.83545601 0.83545601 0.83545601 0.85751384
 0.85751384 0.85751384 0.85751384 0.85751384 0.85751384 0.85751384
 0.85751384 0.85751384 0.85751384 0.85751384 0.85751384 0.85751384
 0.87263064]Mean reward: 0.7709213986127008
Sessgen: 7.740093469619751, other: 0.0024611949920654297, select1: 0.0064585208892822266, select2: 0.0009946823120117188, select3: 0.0, fit: 0.18297076225280762, score: 0.0

30. Best individuals (reward): [0.87263064 0.85751384 0.85751384 0.85751384 0.85751384 0.85751384
 0.85751384 0.85751384 0.85751384 0.85751384 0.85751384 0.85751384
 0.85751384 0.85751384 0.83545601 0.83545601 0.83545601 0.83545601
 0.83139288 0.83139288 0.83139288 0.83139288 0.83139288 0.83139288
 0.83011011 0.8299668  0.82591667 0.82591667 0.82591667 0.82591667
 0.82591667]
30. Best individuals (target): [0.82591667 0.82591667 0.82591667 0.82591667 0.82591667 0.8299668
 0.83011011 0.83139288 0.83139288 0.83139288 0.83139288 0.83139288
 0.83139288 0.83545601 0.83545601 0.83545601 0.83545601 0.85751384
 0.85751384 0.85751384 0.85751384 0.85751384 0.85751384 0.85751384
 0.85751384 0.85751384 0.85751384 0.85751384 0.85751384 0.85751384
 0.87263064]Mean reward: 0.7742595393645618
Sessgen: 6.895055055618286, other: 0.0, select1: 0.005331754684448242, select2: 0.0, select3: 0.0, fit: 0.1620025634765625, score: 0.0

31. Best individuals (reward): [0.87263064 0.85751384 0.85751384 0.85751384 0.85751384 0.85751384
 0.85751384 0.85751384 0.85751384 0.85751384 0.85751384 0.85751384
 0.85751384 0.85751384 0.85751384 0.83545601 0.83545601 0.83545601
 0.83545601 0.83139288 0.83139288 0.83139288 0.83139288 0.83139288
 0.83139288 0.83139288 0.83011011 0.83011011 0.8299668  0.82825495]
31. Best individuals (target): [0.82825495 0.8299668  0.83011011 0.83011011 0.83139288 0.83139288
 0.83139288 0.83139288 0.83139288 0.83139288 0.83139288 0.83545601
 0.83545601 0.83545601 0.83545601 0.85751384 0.85751384 0.85751384
 0.85751384 0.85751384 0.85751384 0.85751384 0.85751384 0.85751384
 0.85751384 0.85751384 0.85751384 0.85751384 0.85751384 0.87263064]Mean reward: 0.7786243169042163
Sessgen: 6.244130373001099, other: 0.0034465789794921875, select1: 0.0030393600463867188, select2: 0.0, select3: 0.0, fit: 0.1431717872619629, score: 0.0

32. Best individuals (reward): [0.87263064 0.85751384 0.85751384 0.85751384 0.85751384 0.85751384
 0.85751384 0.85751384 0.85751384 0.85751384 0.85751384 0.85751384
 0.85751384 0.85751384 0.85751384 0.83633011 0.83545601 0.83545601
 0.83545601 0.83545601 0.83139288 0.83139288 0.83139288 0.83139288
 0.83139288 0.83139288 0.83139288 0.83011011 0.83011011 0.83011011
 0.8299668 ]
32. Best individuals (target): [0.8299668  0.83011011 0.83011011 0.83011011 0.83139288 0.83139288
 0.83139288 0.83139288 0.83139288 0.83139288 0.83139288 0.83545601
 0.83545601 0.83545601 0.83545601 0.83633011 0.85751384 0.85751384
 0.85751384 0.85751384 0.85751384 0.85751384 0.85751384 0.85751384
 0.85751384 0.85751384 0.85751384 0.85751384 0.85751384 0.85751384
 0.87263064]Mean reward: 0.7677103093956609
Sessgen: 7.519235372543335, other: 0.0009980201721191406, select1: 0.004568815231323242, select2: 0.0030641555786132812, select3: 0.0, fit: 0.18985772132873535, score: 0.0

33. Best individuals (reward): [0.87263064 0.85751384 0.85751384 0.85751384 0.85751384 0.85751384
 0.85751384 0.85751384 0.85751384 0.85751384 0.85751384 0.85751384
 0.85751384 0.85751384 0.85751384 0.83633011 0.83545601 0.83545601
 0.83545601 0.83545601 0.83139288 0.83139288 0.83139288 0.83139288
 0.83139288 0.83139288 0.83139288 0.83139288 0.83011011 0.83011011]
33. Best individuals (target): [0.83011011 0.83011011 0.83139288 0.83139288 0.83139288 0.83139288
 0.83139288 0.83139288 0.83139288 0.83139288 0.83545601 0.83545601
 0.83545601 0.83545601 0.83633011 0.85751384 0.85751384 0.85751384
 0.85751384 0.85751384 0.85751384 0.85751384 0.85751384 0.85751384
 0.85751384 0.85751384 0.85751384 0.85751384 0.85751384 0.87263064]Mean reward: 0.7771242258898187
Sessgen: 7.359391212463379, other: 0.0, select1: 0.0031213760375976562, select2: 0.0054738521575927734, select3: 0.0, fit: 0.18975043296813965, score: 0.0

34. Best individuals (reward): [0.87263064 0.85751384 0.85751384 0.85751384 0.85751384 0.85751384
 0.85751384 0.85751384 0.85751384 0.85751384 0.85751384 0.85751384
 0.85751384 0.85751384 0.85751384 0.83633011 0.83545601 0.83545601
 0.83545601 0.83545601 0.83139288 0.83139288 0.83139288 0.83139288
 0.83139288 0.83139288 0.83139288 0.83139288 0.83139288 0.83011011
 0.83011011]
34. Best individuals (target): [0.83011011 0.83011011 0.83139288 0.83139288 0.83139288 0.83139288
 0.83139288 0.83139288 0.83139288 0.83139288 0.83139288 0.83545601
 0.83545601 0.83545601 0.83545601 0.83633011 0.85751384 0.85751384
 0.85751384 0.85751384 0.85751384 0.85751384 0.85751384 0.85751384
 0.85751384 0.85751384 0.85751384 0.85751384 0.85751384 0.85751384
 0.87263064]Mean reward: 0.7755958939321945
Sessgen: 7.410226821899414, other: 0.0, select1: 0.007854461669921875, select2: 0.004102230072021484, select3: 0.0, fit: 0.18670392036437988, score: 0.0

35. Best individuals (reward): [0.87263064 0.85751384 0.85751384 0.85751384 0.85751384 0.85751384
 0.85751384 0.85751384 0.85751384 0.85751384 0.85751384 0.85751384
 0.85751384 0.85751384 0.85751384 0.83633011 0.83545601 0.83545601
 0.83545601 0.83545601 0.83545601 0.83139288 0.83139288 0.83139288
 0.83139288 0.83139288 0.83139288 0.83139288 0.83139288 0.83139288
 0.83011011]
35. Best individuals (target): [0.83011011 0.83139288 0.83139288 0.83139288 0.83139288 0.83139288
 0.83139288 0.83139288 0.83139288 0.83139288 0.83545601 0.83545601
 0.83545601 0.83545601 0.83545601 0.83633011 0.85751384 0.85751384
 0.85751384 0.85751384 0.85751384 0.85751384 0.85751384 0.85751384
 0.85751384 0.85751384 0.85751384 0.85751384 0.85751384 0.85751384
 0.87263064]Mean reward: 0.7773105955282525
Sessgen: 7.395150899887085, other: 0.0, select1: 0.005179882049560547, select2: 0.0, select3: 0.0, fit: 0.16990971565246582, score: 0.0

36. Best individuals (reward): [0.87263064 0.85751384 0.85751384 0.85751384 0.85751384 0.85751384
 0.85751384 0.85751384 0.85751384 0.85751384 0.85751384 0.85751384
 0.85751384 0.85751384 0.85751384 0.83633011 0.83545601 0.83545601
 0.83545601 0.83545601 0.83545601 0.83545601 0.83545601 0.83139288
 0.83139288 0.83139288 0.83139288 0.83139288 0.83139288 0.83139288]
36. Best individuals (target): [0.83139288 0.83139288 0.83139288 0.83139288 0.83139288 0.83139288
 0.83139288 0.83545601 0.83545601 0.83545601 0.83545601 0.83545601
 0.83545601 0.83545601 0.83633011 0.85751384 0.85751384 0.85751384
 0.85751384 0.85751384 0.85751384 0.85751384 0.85751384 0.85751384
 0.85751384 0.85751384 0.85751384 0.85751384 0.85751384 0.87263064]Mean reward: 0.775709943515539
Sessgen: 7.451101779937744, other: 0.0, select1: 0.0062274932861328125, select2: 0.003999948501586914, select3: 0.0, fit: 0.2077336311340332, score: 0.0

37. Best individuals (reward): [0.87263064 0.85751384 0.85751384 0.85751384 0.85751384 0.85751384
 0.85751384 0.85751384 0.85751384 0.85751384 0.85751384 0.85751384
 0.85751384 0.85751384 0.85751384 0.83633011 0.83545601 0.83545601
 0.83545601 0.83545601 0.83545601 0.83545601 0.83545601 0.83139288
 0.83139288 0.83139288 0.83139288 0.83139288 0.83139288 0.83139288
 0.82640341]
37. Best individuals (target): [0.82640341 0.83139288 0.83139288 0.83139288 0.83139288 0.83139288
 0.83139288 0.83139288 0.83545601 0.83545601 0.83545601 0.83545601
 0.83545601 0.83545601 0.83545601 0.83633011 0.85751384 0.85751384
 0.85751384 0.85751384 0.85751384 0.85751384 0.85751384 0.85751384
 0.85751384 0.85751384 0.85751384 0.85751384 0.85751384 0.85751384
 0.87263064]Mean reward: 0.778518451785125
Sessgen: 7.230687141418457, other: 0.00409388542175293, select1: 0.0, select2: 0.003996849060058594, select3: 0.0, fit: 0.15958666801452637, score: 0.0

38. Best individuals (reward): [0.87263064 0.85751384 0.85751384 0.85751384 0.85751384 0.85751384
 0.85751384 0.85751384 0.85751384 0.85751384 0.85751384 0.85751384
 0.85751384 0.85751384 0.85751384 0.85097735 0.83633011 0.83545601
 0.83545601 0.83545601 0.83545601 0.83545601 0.83545601 0.83545601
 0.83139288 0.83139288 0.83139288 0.83139288 0.83139288 0.83139288]
38. Best individuals (target): [0.83139288 0.83139288 0.83139288 0.83139288 0.83139288 0.83139288
 0.83545601 0.83545601 0.83545601 0.83545601 0.83545601 0.83545601
 0.83545601 0.83633011 0.85097735 0.85751384 0.85751384 0.85751384
 0.85751384 0.85751384 0.85751384 0.85751384 0.85751384 0.85751384
 0.85751384 0.85751384 0.85751384 0.85751384 0.85751384 0.87263064]Mean reward: 0.7736524029458053
Sessgen: 7.182038068771362, other: 0.0, select1: 0.004104137420654297, select2: 0.003954887390136719, select3: 0.0, fit: 0.16767024993896484, score: 0.0

39. Best individuals (reward): [0.87263064 0.85751384 0.85751384 0.85751384 0.85751384 0.85751384
 0.85751384 0.85751384 0.85751384 0.85751384 0.85751384 0.85751384
 0.85751384 0.85751384 0.85751384 0.85097735 0.83633011 0.83614083
 0.83545601 0.83545601 0.83545601 0.83545601 0.83545601 0.83545601
 0.83545601 0.83139288 0.83139288 0.83139288 0.83139288 0.83139288
 0.83139288]
39. Best individuals (target): [0.83139288 0.83139288 0.83139288 0.83139288 0.83139288 0.83139288
 0.83545601 0.83545601 0.83545601 0.83545601 0.83545601 0.83545601
 0.83545601 0.83614083 0.83633011 0.85097735 0.85751384 0.85751384
 0.85751384 0.85751384 0.85751384 0.85751384 0.85751384 0.85751384
 0.85751384 0.85751384 0.85751384 0.85751384 0.85751384 0.85751384
 0.87263064]Mean reward: 0.7803155681935715
Sessgen: 6.6640403270721436, other: 0.0, select1: 0.0022554397583007812, select2: 0.0034942626953125, select3: 0.0, fit: 0.1946728229522705, score: 0.0

40. Best individuals (reward): [0.87263064 0.85751384 0.85751384 0.85751384 0.85751384 0.85751384
 0.85751384 0.85751384 0.85751384 0.85751384 0.85751384 0.85751384
 0.85751384 0.85751384 0.85751384 0.85097735 0.84062824 0.83633011
 0.83614083 0.83545601 0.83545601 0.83545601 0.83545601 0.83545601
 0.83545601 0.83545601 0.83139288 0.83139288 0.83139288 0.83139288]
40. Best individuals (target): [0.83139288 0.83139288 0.83139288 0.83139288 0.83545601 0.83545601
 0.83545601 0.83545601 0.83545601 0.83545601 0.83545601 0.83614083
 0.83633011 0.84062824 0.85097735 0.85751384 0.85751384 0.85751384
 0.85751384 0.85751384 0.85751384 0.85751384 0.85751384 0.85751384
 0.85751384 0.85751384 0.85751384 0.85751384 0.85751384 0.87263064]Mean reward: 0.7816317278866722
Sessgen: 7.727495193481445, other: 0.0, select1: 0.010381460189819336, select2: 0.0027387142181396484, select3: 0.0, fit: 0.1730649471282959, score: 0.0

41. Best individuals (reward): [0.87263064 0.85751384 0.85751384 0.85751384 0.85751384 0.85751384
 0.85751384 0.85751384 0.85751384 0.85751384 0.85751384 0.85751384
 0.85751384 0.85751384 0.85751384 0.85751384 0.85445029 0.85097735
 0.84062824 0.83633011 0.83614083 0.83545601 0.83545601 0.83545601
 0.83545601 0.83545601 0.83545601 0.83545601 0.83545601 0.83139288]
41. Best individuals (target): [0.83139288 0.83545601 0.83545601 0.83545601 0.83545601 0.83545601
 0.83545601 0.83545601 0.83545601 0.83614083 0.83633011 0.84062824
 0.85097735 0.85445029 0.85751384 0.85751384 0.85751384 0.85751384
 0.85751384 0.85751384 0.85751384 0.85751384 0.85751384 0.85751384
 0.85751384 0.85751384 0.85751384 0.85751384 0.85751384 0.87263064]Mean reward: 0.7829811569042303
Sessgen: 7.806905508041382, other: 0.0, select1: 0.0071413516998291016, select2: 0.0010046958923339844, select3: 0.0, fit: 0.22188210487365723, score: 0.0009829998016357422

42. Best individuals (reward): [0.87263064 0.86588376 0.85751384 0.85751384 0.85751384 0.85751384
 0.85751384 0.85751384 0.85751384 0.85751384 0.85751384 0.85751384
 0.85751384 0.85751384 0.85751384 0.85751384 0.85751384 0.85751384
 0.85445029 0.85097735 0.84062824 0.83633011 0.83614083 0.83545601
 0.83545601 0.83545601 0.83545601 0.83545601 0.83545601 0.83545601
 0.83545601]
42. Best individuals (target): [0.83545601 0.83545601 0.83545601 0.83545601 0.83545601 0.83545601
 0.83545601 0.83545601 0.83614083 0.83633011 0.84062824 0.85097735
 0.85445029 0.85751384 0.85751384 0.85751384 0.85751384 0.85751384
 0.85751384 0.85751384 0.85751384 0.85751384 0.85751384 0.85751384
