
0. Best individuals (reward): [0.99025173 0.97195945 0.96880086 0.96232212 0.95676272 0.95665131
 0.95602223 0.95273108 0.95270116 0.95268546 0.95083981 0.94985928
 0.94676102 0.94632698 0.94606368 0.94582575 0.94388716 0.94036417
 0.93949777 0.93926578 0.93714523 0.93603705 0.93479741 0.93433011
 0.93260416 0.93236103 0.93008567 0.92960748 0.9224618  0.92194642
 0.91951189 0.91936715 0.91838385 0.91836048 0.9178853  0.91780649
 0.91708719 0.91653173 0.91475717 0.91424461]
0. Best individuals (target): [0.91424461 0.91475717 0.91653173 0.91708719 0.91780649 0.9178853
 0.91836048 0.91838385 0.91936715 0.91951189 0.92194642 0.9224618
 0.92960748 0.93008567 0.93236103 0.93260416 0.93433011 0.93479741
 0.93603705 0.93714523 0.93926578 0.93949777 0.94036417 0.94388716
 0.94582575 0.94606368 0.94632698 0.94676102 0.94985928 0.95083981
 0.95268546 0.95270116 0.95273108 0.95602223 0.95665131 0.95676272
 0.96232212 0.96880086 0.97195945 0.99025173]Mean reward: 0.9132847670384335
Sessgen: 8.091501712799072, other: 0.0, select1: 0.0029833316802978516, select2: 0.0, select3: 0.0009720325469970703, fit: 0.39994144439697266, score: 0.0009875297546386719

1. Best individuals (reward): [0.99025173 0.9868747  0.98223729 0.98168954 0.97810227 0.97195945
 0.96880086 0.96762929 0.96608221 0.96360334 0.96232212 0.96106925
 0.95783061 0.95676272 0.95665131 0.95602223 0.95568955 0.95273108
 0.95270116 0.95268546 0.95083981 0.94985928 0.94978968 0.94676102
 0.94632698 0.94606368 0.94582575 0.94522358 0.94388716 0.94124249
 0.94036417 0.93972264 0.93949777 0.93926578 0.93829918 0.93714523
 0.93603705 0.93479741 0.93470886 0.93433011 0.93390887 0.93356468]
1. Best individuals (target): [0.93356468 0.93390887 0.93433011 0.93470886 0.93479741 0.93603705
 0.93714523 0.93829918 0.93926578 0.93949777 0.93972264 0.94036417
 0.94124249 0.94388716 0.94522358 0.94582575 0.94606368 0.94632698
 0.94676102 0.94978968 0.94985928 0.95083981 0.95268546 0.95270116
 0.95273108 0.95568955 0.95602223 0.95665131 0.95676272 0.95783061
 0.96106925 0.96232212 0.96360334 0.96608221 0.96762929 0.96880086
 0.97195945 0.97810227 0.98168954 0.98223729 0.9868747  0.99025173]Mean reward: 0.933145755364812
Sessgen: 8.808980941772461, other: 0.0, select1: 0.0030083656311035156, select2: 0.0009984970092773438, select3: 0.0, fit: 0.09556388854980469, score: 0.0

2. Best individuals (reward): [0.99025173 0.9868747  0.98223729 0.98168954 0.97810227 0.97661522
 0.9734498  0.9730017  0.97195945 0.97108006 0.96880086 0.96762929
 0.96690124 0.96672926 0.96608221 0.96564965 0.96496799 0.96360334
 0.96232212 0.9622006  0.96106925 0.95783061 0.95734057 0.95676272
 0.95665131 0.95602223 0.95568955 0.95543958 0.9549042  0.95455763
 0.95273108 0.95270116 0.95268546 0.95083981 0.94985928 0.94978968
 0.94802298 0.94676102 0.94659259 0.94632698 0.94606368 0.94583914]
2. Best individuals (target): [0.94583914 0.94606368 0.94632698 0.94659259 0.94676102 0.94802298
 0.94978968 0.94985928 0.95083981 0.95268546 0.95270116 0.95273108
 0.95455763 0.9549042  0.95543958 0.95568955 0.95602223 0.95665131
 0.95676272 0.95734057 0.95783061 0.96106925 0.9622006  0.96232212
 0.96360334 0.96496799 0.96564965 0.96608221 0.96672926 0.96690124
 0.96762929 0.96880086 0.97108006 0.97195945 0.9730017  0.9734498
 0.97661522 0.97810227 0.98168954 0.98223729 0.9868747  0.99025173]Mean reward: 0.9430375801806167
Sessgen: 9.588341236114502, other: 0.0, select1: 0.003000020980834961, select2: 0.0010077953338623047, select3: 0.0, fit: 0.09062385559082031, score: 0.0010373592376708984

3. Best individuals (reward): [0.99025173 0.9868747  0.9828152  0.98223729 0.98168954 0.97810227
 0.97661522 0.9734498  0.9730017  0.97280885 0.97195945 0.97108006
 0.96880086 0.96762929 0.96690124 0.96672926 0.96608221 0.96564965
 0.96496799 0.96360334 0.96232212 0.9622006  0.96106925 0.96090087
 0.95980564 0.95783061 0.95737212 0.95734057 0.95676272 0.95665131
 0.95614684 0.95602223 0.95568955 0.95543958 0.95521326 0.9549042
 0.95455763 0.95347573 0.95282897 0.95273108 0.95270116 0.95268546]
3. Best individuals (target): [0.95268546 0.95270116 0.95273108 0.95282897 0.95347573 0.95455763
 0.9549042  0.95521326 0.95543958 0.95568955 0.95602223 0.95614684
 0.95665131 0.95676272 0.95734057 0.95737212 0.95783061 0.95980564
 0.96090087 0.96106925 0.9622006  0.96232212 0.96360334 0.96496799
 0.96564965 0.96608221 0.96672926 0.96690124 0.96762929 0.96880086
 0.97108006 0.97195945 0.97280885 0.9730017  0.9734498  0.97661522
 0.97810227 0.98168954 0.98223729 0.9828152  0.9868747  0.99025173]Mean reward: 0.9444105225367171
Sessgen: 10.268326997756958, other: 0.00099945068359375, select1: 0.00700831413269043, select2: 0.0020055770874023438, select3: 0.0, fit: 0.10896015167236328, score: 0.0010008811950683594

4. Best individuals (reward): [0.99025173 0.9875149  0.9868747  0.9828152  0.98223729 0.98168954
 0.98166652 0.97810227 0.97661522 0.97575569 0.9734498  0.9730017
 0.97280885 0.97195945 0.97108006 0.97091408 0.96936616 0.96880086
 0.96775521 0.96762929 0.96690124 0.96679916 0.96672926 0.96608221
 0.96585481 0.96564965 0.96552711 0.96496799 0.96360334 0.96232212
 0.9622006  0.96161296 0.96106925 0.96090641 0.96090087 0.96057061
 0.95980564 0.95789204 0.95783061 0.95737212 0.95734057 0.95676272]
4. Best individuals (target): [0.95676272 0.95734057 0.95737212 0.95783061 0.95789204 0.95980564
 0.96057061 0.96090087 0.96090641 0.96106925 0.96161296 0.9622006
 0.96232212 0.96360334 0.96496799 0.96552711 0.96564965 0.96585481
 0.96608221 0.96672926 0.96679916 0.96690124 0.96762929 0.96775521
 0.96880086 0.96936616 0.97091408 0.97108006 0.97195945 0.97280885
 0.9730017  0.9734498  0.97575569 0.97661522 0.97810227 0.98166652
 0.98168954 0.98223729 0.9828152  0.9868747  0.9875149  0.99025173]Mean reward: 0.9526320771876577
Sessgen: 9.749433994293213, other: 0.0, select1: 0.004997730255126953, select2: 0.001001119613647461, select3: 0.0, fit: 0.0901789665222168, score: 0.0

5. Best individuals (reward): [0.99025173 0.9875149  0.9874538  0.9868747  0.9828152  0.98223729
 0.98168954 0.98166652 0.97902512 0.97834753 0.97810227 0.97661522
 0.97575569 0.97557183 0.9734498  0.9730017  0.97280885 0.97195945
 0.97108006 0.97091408 0.97055932 0.97025821 0.96936616 0.96880086
 0.96871829 0.96775521 0.96762929 0.96690124 0.96687658 0.96679916
 0.96672926 0.96608221 0.96585481 0.96564965 0.96562698 0.96552711
 0.96496799 0.96476228 0.96360334 0.96279465 0.96232212 0.9622006 ]
5. Best individuals (target): [0.9622006  0.96232212 0.96279465 0.96360334 0.96476228 0.96496799
 0.96552711 0.96562698 0.96564965 0.96585481 0.96608221 0.96672926
 0.96679916 0.96687658 0.96690124 0.96762929 0.96775521 0.96871829
 0.96880086 0.96936616 0.97025821 0.97055932 0.97091408 0.97108006
 0.97195945 0.97280885 0.9730017  0.9734498  0.97557183 0.97575569
 0.97661522 0.97810227 0.97834753 0.97902512 0.98166652 0.98168954
 0.98223729 0.9828152  0.9868747  0.9874538  0.9875149  0.99025173]Mean reward: 0.9591899081766456
Sessgen: 9.185327053070068, other: 0.0010080337524414062, select1: 0.003000974655151367, select2: 0.0, select3: 0.0010001659393310547, fit: 0.09046030044555664, score: 0.0

6. Best individuals (reward): [0.99026968 0.99025173 0.9875149  0.9874538  0.9868747  0.98661704
 0.98312739 0.9828152  0.98240135 0.98223729 0.98209484 0.98168954
 0.98166652 0.97939263 0.97902512 0.97875683 0.97834753 0.97810227
 0.97661522 0.97582688 0.9758078  0.97575569 0.97557183 0.97553197
 0.97491814 0.97356332 0.9734498  0.97310288 0.9730017  0.97280885
 0.97259973 0.97216087 0.97195945 0.97175045 0.97108006 0.97091408
 0.97055932 0.97048235 0.97025821 0.97002496 0.96936616 0.96928639]
6. Best individuals (target): [0.96928639 0.96936616 0.97002496 0.97025821 0.97048235 0.97055932
 0.97091408 0.97108006 0.97175045 0.97195945 0.97216087 0.97259973
 0.97280885 0.9730017  0.97310288 0.9734498  0.97356332 0.97491814
 0.97553197 0.97557183 0.97575569 0.9758078  0.97582688 0.97661522
 0.97810227 0.97834753 0.97875683 0.97902512 0.97939263 0.98166652
 0.98168954 0.98209484 0.98223729 0.98240135 0.9828152  0.98312739
 0.98661704 0.9868747  0.9874538  0.9875149  0.99025173 0.99026968]Mean reward: 0.9650171941184731
Sessgen: 9.222930669784546, other: 0.0, select1: 0.003042936325073242, select2: 0.0010607242584228516, select3: 0.0, fit: 0.08956027030944824, score: 0.0

7. Best individuals (reward): [0.99026968 0.99025173 0.9875149  0.9874538  0.9868747  0.98661704
 0.98500542 0.9839548  0.98312739 0.98307137 0.9830036  0.9828152
 0.98240135 0.98233748 0.98223729 0.98209484 0.98168954 0.98166652
 0.98099033 0.98064697 0.98036272 0.9796898  0.97956897 0.97939263
 0.97902512 0.97875683 0.97835966 0.97834753 0.97821698 0.97810227
 0.97761172 0.97661522 0.97582688 0.9758078  0.97575569 0.97557183
 0.97553197 0.97491814 0.97483355 0.97481934 0.97448111 0.97445211]
7. Best individuals (target): [0.97445211 0.97448111 0.97481934 0.97483355 0.97491814 0.97553197
 0.97557183 0.97575569 0.9758078  0.97582688 0.97661522 0.97761172
 0.97810227 0.97821698 0.97834753 0.97835966 0.97875683 0.97902512
 0.97939263 0.97956897 0.9796898  0.98036272 0.98064697 0.98099033
 0.98166652 0.98168954 0.98209484 0.98223729 0.98233748 0.98240135
 0.9828152  0.9830036  0.98307137 0.98312739 0.9839548  0.98500542
 0.98661704 0.9868747  0.9874538  0.9875149  0.99025173 0.99026968]Mean reward: 0.9712194128836216
Sessgen: 10.05027985572815, other: 0.0009992122650146484, select1: 0.009000062942504883, select2: 0.0019996166229248047, select3: 0.0, fit: 0.23099994659423828, score: 0.0

8. Best individuals (reward): [0.99026968 0.99025173 0.9875149  0.9874538  0.98730745 0.9868747
 0.98661704 0.98544587 0.98500542 0.98481309 0.9839548  0.98372865
 0.98312739 0.98307137 0.9830036  0.9828152  0.98240135 0.98233748
 0.98223729 0.98216304 0.98209484 0.98168954 0.98166652 0.98099033
 0.98064697 0.98063522 0.98036272 0.98035499 0.98030302 0.9800982
 0.9796898  0.97956897 0.97939263 0.97902512 0.97902274 0.97875683
 0.97835966 0.97834753 0.97822022 0.97821698 0.97812902 0.97810227]
8. Best individuals (target): [0.97810227 0.97812902 0.97821698 0.97822022 0.97834753 0.97835966
 0.97875683 0.97902274 0.97902512 0.97939263 0.97956897 0.9796898
 0.9800982  0.98030302 0.98035499 0.98036272 0.98063522 0.98064697
 0.98099033 0.98166652 0.98168954 0.98209484 0.98216304 0.98223729
 0.98233748 0.98240135 0.9828152  0.9830036  0.98307137 0.98312739
 0.98372865 0.9839548  0.98481309 0.98500542 0.98544587 0.98661704
 0.9868747  0.98730745 0.9874538  0.9875149  0.99025173 0.99026968]Mean reward: 0.9746172712328941
Sessgen: 11.757602214813232, other: 0.0, select1: 0.016005992889404297, select2: 0.0009546279907226562, select3: 0.0, fit: 0.0927574634552002, score: 0.0

9. Best individuals (reward): [0.99542577 0.99026968 0.99025173 0.9875149  0.9874538  0.98730745
 0.9868747  0.98680971 0.98661704 0.98614308 0.98544587 0.985035
 0.98500542 0.98481309 0.9839548  0.98372865 0.98312739 0.98307137
 0.9830036  0.9828152  0.98240135 0.9823743  0.98233748 0.98223729
 0.98216304 0.98209484 0.98182768 0.98168954 0.98166652 0.98125449
 0.98099033 0.98074394 0.98064697 0.98063522 0.98036272 0.98035499
 0.98030302 0.9800982  0.97976352 0.9796898  0.97956897 0.97939263]
9. Best individuals (target): [0.97939263 0.97956897 0.9796898  0.97976352 0.9800982  0.98030302
 0.98035499 0.98036272 0.98063522 0.98064697 0.98074394 0.98099033
 0.98125449 0.98166652 0.98168954 0.98182768 0.98209484 0.98216304
 0.98223729 0.98233748 0.9823743  0.98240135 0.9828152  0.9830036
 0.98307137 0.98312739 0.98372865 0.9839548  0.98481309 0.98500542
 0.985035   0.98544587 0.98614308 0.98661704 0.98680971 0.9868747
 0.98730745 0.9874538  0.9875149  0.99025173 0.99026968 0.99542577]Mean reward: 0.9753646388385814
Sessgen: 12.30176329612732, other: 0.0, select1: 0.0030069351196289062, select2: 0.001001119613647461, select3: 0.0, fit: 0.09470129013061523, score: 0.0

10. Best individuals (reward): [0.99542577 0.99280153 0.99026968 0.99025173 0.98781765 0.9875149
 0.9874538  0.98730745 0.9868747  0.98680971 0.98670146 0.98661704
 0.98614308 0.98544587 0.985035   0.98500542 0.98481309 0.9839548
 0.98372865 0.98312739 0.98307137 0.9830036  0.98299174 0.98285438
 0.9828152  0.98260347 0.98240135 0.9823743  0.98233748 0.98223729
 0.98216304 0.98209484 0.98182768 0.98181584 0.98168954 0.98166652
 0.98129458 0.98125449 0.98099033 0.98074394 0.98064697 0.98063522]
10. Best individuals (target): [0.98063522 0.98064697 0.98074394 0.98099033 0.98125449 0.98129458
 0.98166652 0.98168954 0.98181584 0.98182768 0.98209484 0.98216304
 0.98223729 0.98233748 0.9823743  0.98240135 0.98260347 0.9828152
 0.98285438 0.98299174 0.9830036  0.98307137 0.98312739 0.98372865
 0.9839548  0.98481309 0.98500542 0.985035   0.98544587 0.98614308
 0.98661704 0.98670146 0.98680971 0.9868747  0.98730745 0.9874538
 0.9875149  0.98781765 0.99025173 0.99026968 0.99280153 0.99542577]Mean reward: 0.9762879009786879
Sessgen: 9.942430257797241, other: 0.0010008811950683594, select1: 0.0070002079010009766, select2: 0.0, select3: 0.0, fit: 0.12516021728515625, score: 0.0

11. Best individuals (reward): [0.99542577 0.99280153 0.99049017 0.99031142 0.99026968 0.99025173
 0.9896063  0.98781765 0.9875149  0.9874538  0.98730745 0.9868747
 0.98682109 0.98680971 0.98670146 0.98661704 0.98614308 0.98544587
 0.985035   0.98500542 0.98481309 0.9839548  0.98372865 0.98312739
 0.98307973 0.98307137 0.9830036  0.98299174 0.98285438 0.9828152
 0.98261523 0.98260347 0.98240135 0.9823743  0.98233748 0.98226352
 0.98223729 0.98216304 0.98209484 0.98182768 0.98181584 0.98168954]
11. Best individuals (target): [0.98168954 0.98181584 0.98182768 0.98209484 0.98216304 0.98223729
 0.98226352 0.98233748 0.9823743  0.98240135 0.98260347 0.98261523
 0.9828152  0.98285438 0.98299174 0.9830036  0.98307137 0.98307973
 0.98312739 0.98372865 0.9839548  0.98481309 0.98500542 0.985035
 0.98544587 0.98614308 0.98661704 0.98670146 0.98680971 0.98682109
 0.9868747  0.98730745 0.9874538  0.9875149  0.98781765 0.9896063
 0.99025173 0.99026968 0.99031142 0.99049017 0.99280153 0.99542577]Mean reward: 0.9783794598913265
Sessgen: 13.264753580093384, other: 0.0009996891021728516, select1: 0.007998466491699219, select2: 0.00099945068359375, select3: 0.0, fit: 0.11000514030456543, score: 0.000997304916381836

12. Best individuals (reward): [0.99542577 0.99380015 0.99280153 0.99049017 0.99031142 0.99026968
 0.99025173 0.9896063  0.9890064  0.98836683 0.98781765 0.9875149
 0.9874538  0.98731543 0.98730745 0.9868747  0.98682109 0.98680971
 0.98670146 0.98661704 0.9865815  0.98614308 0.98544587 0.9853939
 0.98510557 0.985035   0.98500542 0.98481309 0.9839548  0.98372865
 0.98327548 0.98326648 0.98313325 0.98312739 0.98307973 0.98307137
 0.9830036  0.98299174 0.98285438 0.9828152  0.98261523 0.98260347]
12. Best individuals (target): [0.98260347 0.98261523 0.9828152  0.98285438 0.98299174 0.9830036
 0.98307137 0.98307973 0.98312739 0.98313325 0.98326648 0.98327548
 0.98372865 0.9839548  0.98481309 0.98500542 0.985035   0.98510557
 0.9853939  0.98544587 0.98614308 0.9865815  0.98661704 0.98670146
 0.98680971 0.98682109 0.9868747  0.98730745 0.98731543 0.9874538
 0.9875149  0.98781765 0.98836683 0.9890064  0.9896063  0.99025173
 0.99026968 0.99031142 0.99049017 0.99280153 0.99380015 0.99542577]Mean reward: 0.9778828060977941
Sessgen: 13.810950994491577, other: 0.0010008811950683594, select1: 0.002997875213623047, select2: 0.001001119613647461, select3: 0.0, fit: 0.0953671932220459, score: 0.0

13. Best individuals (reward): [0.99542577 0.99380015 0.99324259 0.99280153 0.99099312 0.99049017
 0.99031142 0.99026968 0.99025173 0.9896063  0.9890064  0.98836683
 0.98827785 0.98781765 0.9875149  0.9874538  0.98731543 0.98730745
 0.9868747  0.98682109 0.98680971 0.98670146 0.98661704 0.9865815
 0.98614308 0.98544587 0.9853939  0.98510557 0.985035   0.98500542
 0.98481309 0.9839548  0.98372865 0.98327548 0.98326648 0.98313325
 0.98312739 0.98307973 0.98307137 0.9830036  0.98299174 0.98285438]
13. Best individuals (target): [0.98285438 0.98299174 0.9830036  0.98307137 0.98307973 0.98312739
 0.98313325 0.98326648 0.98327548 0.98372865 0.9839548  0.98481309
 0.98500542 0.985035   0.98510557 0.9853939  0.98544587 0.98614308
 0.9865815  0.98661704 0.98670146 0.98680971 0.98682109 0.9868747
 0.98730745 0.98731543 0.9874538  0.9875149  0.98781765 0.98827785
 0.98836683 0.9890064  0.9896063  0.99025173 0.99026968 0.99031142
 0.99049017 0.99099312 0.99280153 0.99324259 0.99380015 0.99542577]Mean reward: 0.9779299739121347
Sessgen: 12.994810581207275, other: 0.0, select1: 0.0040128231048583984, select2: 0.0, select3: 0.0, fit: 0.0944211483001709, score: 0.0

14. Best individuals (reward): [0.99542577 0.99380015 0.99324259 0.99280153 0.99124233 0.99099312
 0.99052703 0.99049017 0.99031142 0.99026968 0.99025173 0.9896063
 0.9890064  0.98836683 0.98827785 0.98781765 0.9875149  0.9874538
 0.98737204 0.98731543 0.98730745 0.98721237 0.9868747  0.98682109
 0.98680971 0.98670146 0.98661704 0.9865815  0.98614308 0.98544587
 0.9853939  0.98537299 0.98510557 0.98504186 0.985035   0.98500542
 0.98481309 0.98421147 0.98416291 0.9839548  0.98384293 0.98372865]
14. Best individuals (target): [0.98372865 0.98384293 0.9839548  0.98416291 0.98421147 0.98481309
 0.98500542 0.985035   0.98504186 0.98510557 0.98537299 0.9853939
 0.98544587 0.98614308 0.9865815  0.98661704 0.98670146 0.98680971
 0.98682109 0.9868747  0.98721237 0.98730745 0.98731543 0.98737204
 0.9874538  0.9875149  0.98781765 0.98827785 0.98836683 0.9890064
 0.9896063  0.99025173 0.99026968 0.99031142 0.99049017 0.99052703
 0.99099312 0.99124233 0.99280153 0.99324259 0.99380015 0.99542577]Mean reward: 0.9799536740376191
Sessgen: 13.00705337524414, other: 0.0, select1: 0.003963470458984375, select2: 0.0010001659393310547, select3: 0.0, fit: 0.10912251472473145, score: 0.0009992122650146484

15. Best individuals (reward): [0.99542577 0.99485208 0.99380015 0.99324259 0.99280153 0.99155963
 0.99124233 0.99099312 0.99052703 0.99049017 0.99031142 0.99026968
 0.99025173 0.9896063  0.98948864 0.9890064  0.98858531 0.98845456
 0.98836683 0.98827785 0.98781765 0.9875149  0.9874538  0.98737204
 0.98731543 0.98730745 0.98721237 0.9868747  0.98682109 0.98680971
 0.98670146 0.98661704 0.9865815  0.98614308 0.98544587 0.9853939
 0.98537299 0.98510557 0.98504186 0.985035   0.98500542 0.98481309]
15. Best individuals (target): [0.98481309 0.98500542 0.985035   0.98504186 0.98510557 0.98537299
 0.9853939  0.98544587 0.98614308 0.9865815  0.98661704 0.98670146
 0.98680971 0.98682109 0.9868747  0.98721237 0.98730745 0.98731543
 0.98737204 0.9874538  0.9875149  0.98781765 0.98827785 0.98836683
 0.98845456 0.98858531 0.9890064  0.98948864 0.9896063  0.99025173
 0.99026968 0.99031142 0.99049017 0.99052703 0.99099312 0.99124233
 0.99155963 0.99280153 0.99324259 0.99380015 0.99485208 0.99542577]Mean reward: 0.981227189078452
Sessgen: 11.164666891098022, other: 0.0010383129119873047, select1: 0.005005598068237305, select2: 0.0010008811950683594, select3: 0.0, fit: 0.09588789939880371, score: 0.000997304916381836

16. Best individuals (reward): [0.99542577 0.99485208 0.99380015 0.99324259 0.99280153 0.99155963
 0.99124233 0.99099312 0.99052703 0.99049017 0.99031142 0.99026968
 0.99025173 0.9896063  0.98948864 0.9890064  0.98858531 0.98845456
 0.98836683 0.98827785 0.98783271 0.98781765 0.98766878 0.9875149
 0.9874538  0.98741016 0.98737204 0.98731543 0.98730745 0.98721237
 0.9868747  0.98682109 0.98680971 0.98670146 0.98661704 0.9865815
 0.98614308 0.98607151 0.98567118 0.98544587 0.9853939  0.98537299]
16. Best individuals (target): [0.98537299 0.9853939  0.98544587 0.98567118 0.98607151 0.98614308
 0.9865815  0.98661704 0.98670146 0.98680971 0.98682109 0.9868747
 0.98721237 0.98730745 0.98731543 0.98737204 0.98741016 0.9874538
 0.9875149  0.98766878 0.98781765 0.98783271 0.98827785 0.98836683
 0.98845456 0.98858531 0.9890064  0.98948864 0.9896063  0.99025173
 0.99026968 0.99031142 0.99049017 0.99052703 0.99099312 0.99124233
 0.99155963 0.99280153 0.99324259 0.99380015 0.99485208 0.99542577]Mean reward: 0.9810166457621095
Sessgen: 10.918060779571533, other: 0.0, select1: 0.003994941711425781, select2: 0.0009763240814208984, select3: 0.0, fit: 0.11743855476379395, score: 0.0

17. Best individuals (reward): [0.99542577 0.99485208 0.99384314 0.99380015 0.99324259 0.99280153
 0.99155963 0.99124233 0.99099312 0.99052703 0.99049017 0.99031142
 0.99029136 0.99026968 0.99025173 0.9900686  0.9896063  0.98948864
 0.9890064  0.98858531 0.98845456 0.98836683 0.98827785 0.98823326
 0.98783271 0.98781765 0.98766878 0.9875149  0.9874538  0.98741016
 0.98737204 0.98732454 0.98731543 0.98730745 0.98721237 0.9868747
 0.98682109 0.98680971 0.98670146 0.98661704 0.9865815  0.98646124]
17. Best individuals (target): [0.98646124 0.9865815  0.98661704 0.98670146 0.98680971 0.98682109
 0.9868747  0.98721237 0.98730745 0.98731543 0.98732454 0.98737204
 0.98741016 0.9874538  0.9875149  0.98766878 0.98781765 0.98783271
 0.98823326 0.98827785 0.98836683 0.98845456 0.98858531 0.9890064
 0.98948864 0.9896063  0.9900686  0.99025173 0.99026968 0.99029136
 0.99031142 0.99049017 0.99052703 0.99099312 0.99124233 0.99155963
 0.99280153 0.99324259 0.99380015 0.99384314 0.99485208 0.99542577]Mean reward: 0.981446904073226
Sessgen: 10.600240468978882, other: 0.0009949207305908203, select1: 0.0030100345611572266, select2: 0.0010025501251220703, select3: 0.0, fit: 0.09714937210083008, score: 0.0

18. Best individuals (reward): [0.9964761  0.99542577 0.99519323 0.99502692 0.99485208 0.99402925
 0.99384314 0.99380015 0.99324259 0.99280153 0.99155963 0.99124233
 0.99099312 0.99072188 0.99065836 0.99053945 0.99052703 0.99049017
 0.99031142 0.99029136 0.99026968 0.99025173 0.9900686  0.9896063
 0.98948864 0.9894634  0.9890064  0.98858531 0.98845456 0.98836683
 0.98827785 0.98823326 0.98783271 0.98781765 0.98766878 0.9875149
 0.9874538  0.98741016 0.98737204 0.98732454 0.98731543 0.98730745]
18. Best individuals (target): [0.98730745 0.98731543 0.98732454 0.98737204 0.98741016 0.9874538
 0.9875149  0.98766878 0.98781765 0.98783271 0.98823326 0.98827785
 0.98836683 0.98845456 0.98858531 0.9890064  0.9894634  0.98948864
 0.9896063  0.9900686  0.99025173 0.99026968 0.99029136 0.99031142
 0.99049017 0.99052703 0.99053945 0.99065836 0.99072188 0.99099312
 0.99124233 0.99155963 0.99280153 0.99324259 0.99380015 0.99384314
 0.99402925 0.99485208 0.99502692 0.99519323 0.99542577 0.9964761 ]Mean reward: 0.9823589782397487
Sessgen: 11.629324197769165, other: 0.0, select1: 0.004001140594482422, select2: 0.0, select3: 0.0, fit: 0.09896421432495117, score: 0.0

19. Best individuals (reward): [0.9964761  0.99542577 0.99519323 0.99502692 0.99485208 0.99402925
 0.99384314 0.99380015 0.99324259 0.99280153 0.99203414 0.99155963
 0.99124233 0.99099312 0.99072188 0.99065836 0.99053945 0.99052703
 0.99049017 0.99031142 0.99029136 0.99026968 0.99025173 0.9900686
 0.9896063  0.98948864 0.9894634  0.9890064  0.98858531 0.98845456
 0.98836683 0.98827785 0.98823326 0.98807754 0.98783271 0.98781765
 0.98766878 0.9875149  0.9874538  0.98741016 0.98737204 0.98732454]
19. Best individuals (target): [0.98732454 0.98737204 0.98741016 0.9874538  0.9875149  0.98766878
 0.98781765 0.98783271 0.98807754 0.98823326 0.98827785 0.98836683
 0.98845456 0.98858531 0.9890064  0.9894634  0.98948864 0.9896063
 0.9900686  0.99025173 0.99026968 0.99029136 0.99031142 0.99049017
 0.99052703 0.99053945 0.99065836 0.99072188 0.99099312 0.99124233
 0.99155963 0.99203414 0.99280153 0.99324259 0.99380015 0.99384314
 0.99402925 0.99485208 0.99502692 0.99519323 0.99542577 0.9964761 ]Mean reward: 0.9813508547032042
Sessgen: 11.615400791168213, other: 0.0, select1: 0.003998756408691406, select2: 0.0009996891021728516, select3: 0.0, fit: 0.09711289405822754, score: 0.0

20. Best individuals (reward): [0.9964761  0.99542577 0.99519323 0.99502692 0.99485208 0.99402925
 0.99384314 0.99380015 0.99324259 0.99280153 0.99230454 0.99229382
 0.99203414 0.99155963 0.99124233 0.99099312 0.99087812 0.99072188
 0.99068828 0.99065836 0.99053945 0.99052703 0.99049017 0.99031142
 0.99029136 0.99026968 0.99025173 0.9900686  0.9896063  0.98948864
 0.9894634  0.9890064  0.98858531 0.98845456 0.98836683 0.98827785
 0.98823326 0.98807754 0.98783271 0.98781765 0.98766878 0.9875149 ]
20. Best individuals (target): [0.9875149  0.98766878 0.98781765 0.98783271 0.98807754 0.98823326
 0.98827785 0.98836683 0.98845456 0.98858531 0.9890064  0.9894634
 0.98948864 0.9896063  0.9900686  0.99025173 0.99026968 0.99029136
 0.99031142 0.99049017 0.99052703 0.99053945 0.99065836 0.99068828
 0.99072188 0.99087812 0.99099312 0.99124233 0.99155963 0.99203414
 0.99229382 0.99230454 0.99280153 0.99324259 0.99380015 0.99384314
 0.99402925 0.99485208 0.99502692 0.99519323 0.99542577 0.9964761 ]Mean reward: 0.9820014367523126
Sessgen: 10.50606107711792, other: 0.0, select1: 0.0030088424682617188, select2: 0.0009999275207519531, select3: 0.0, fit: 0.09413576126098633, score: 0.0009996891021728516

21. Best individuals (reward): [0.9964761  0.99545024 0.99542577 0.99519323 0.99502692 0.99485208
 0.99459613 0.99402925 0.99384314 0.99380015 0.99324259 0.99280153
 0.99230454 0.99229382 0.99203414 0.99155963 0.99124233 0.99099312
 0.99087812 0.99072188 0.99068828 0.99065836 0.99053945 0.99052703
 0.99049017 0.99031142 0.99029136 0.99026968 0.99025173 0.9900686
 0.9896063  0.98948864 0.9894634  0.98904688 0.9890064  0.98858531
 0.98845456 0.98836683 0.98827785 0.98823326 0.98807754 0.98783271]
21. Best individuals (target): [0.98783271 0.98807754 0.98823326 0.98827785 0.98836683 0.98845456
 0.98858531 0.9890064  0.98904688 0.9894634  0.98948864 0.9896063
 0.9900686  0.99025173 0.99026968 0.99029136 0.99031142 0.99049017
 0.99052703 0.99053945 0.99065836 0.99068828 0.99072188 0.99087812
 0.99099312 0.99124233 0.99155963 0.99203414 0.99229382 0.99230454
 0.99280153 0.99324259 0.99380015 0.99384314 0.99402925 0.99459613
 0.99485208 0.99502692 0.99519323 0.99542577 0.99545024 0.9964761 ]Mean reward: 0.9825445748993399
Sessgen: 14.301569700241089, other: 0.0010001659393310547, select1: 0.0030007362365722656, select2: 0.0009996891021728516, select3: 0.0, fit: 0.09962272644042969, score: 0.0

22. Best individuals (reward): [0.9964761  0.99545024 0.99542577 0.99519323 0.99502692 0.99485208
 0.99459613 0.99402925 0.99384314 0.99380015 0.99324259 0.9929708
 0.9929377  0.99280153 0.99269052 0.99230454 0.99229382 0.99203414
 0.99155963 0.99124233 0.99099312 0.99087812 0.99072188 0.99068828
 0.99065836 0.99053945 0.99052703 0.99049017 0.99031142 0.99029136
 0.99028171 0.99026968 0.99025173 0.9900686  0.98983621 0.9896063
 0.98948864 0.9894634  0.98929324 0.98924718 0.98904688 0.9890064 ]
22. Best individuals (target): [0.9890064  0.98904688 0.98924718 0.98929324 0.9894634  0.98948864
 0.9896063  0.98983621 0.9900686  0.99025173 0.99026968 0.99028171
 0.99029136 0.99031142 0.99049017 0.99052703 0.99053945 0.99065836
 0.99068828 0.99072188 0.99087812 0.99099312 0.99124233 0.99155963
 0.99203414 0.99229382 0.99230454 0.99269052 0.99280153 0.9929377
 0.9929708  0.99324259 0.99380015 0.99384314 0.99402925 0.99459613
 0.99485208 0.99502692 0.99519323 0.99542577 0.99545024 0.9964761 ]Mean reward: 0.9844220827353031
Sessgen: 11.364524602890015, other: 0.001003265380859375, select1: 0.0029964447021484375, select2: 0.0010001659393310547, select3: 0.0, fit: 0.11099863052368164, score: 0.0

23. Best individuals (reward): [0.9966495  0.9964761  0.99545024 0.99542577 0.99519323 0.99502692
 0.99485208 0.99459613 0.99402925 0.99384314 0.99380015 0.99324259
 0.9929708  0.9929377  0.99280153 0.99269052 0.99230454 0.99229382
 0.99203414 0.99155963 0.99124233 0.99106706 0.99099312 0.99087812
 0.99072188 0.99068828 0.99065836 0.99053945 0.99052703 0.99049017
 0.99031142 0.99029136 0.99028171 0.99026968 0.99025173 0.9900686
 0.98983621 0.9896063  0.98948864 0.9894634  0.98929324 0.98924718]
23. Best individuals (target): [0.98924718 0.98929324 0.9894634  0.98948864 0.9896063  0.98983621
 0.9900686  0.99025173 0.99026968 0.99028171 0.99029136 0.99031142
 0.99049017 0.99052703 0.99053945 0.99065836 0.99068828 0.99072188
 0.99087812 0.99099312 0.99106706 0.99124233 0.99155963 0.99203414
 0.99229382 0.99230454 0.99269052 0.99280153 0.9929377  0.9929708
 0.99324259 0.99380015 0.99384314 0.99402925 0.99459613 0.99485208
 0.99502692 0.99519323 0.99542577 0.99545024 0.9964761  0.9966495 ]Mean reward: 0.9828432117061355
Sessgen: 11.555985450744629, other: 0.0010085105895996094, select1: 0.0030002593994140625, select2: 0.0010006427764892578, select3: 0.0, fit: 0.11196160316467285, score: 0.00099945068359375

24. Best individuals (reward): [0.9966495  0.9964761  0.99545024 0.99542577 0.99519323 0.99502692
 0.99485208 0.99459613 0.99402925 0.99384314 0.99380015 0.99324259
 0.9929708  0.9929377  0.99280153 0.99269052 0.99230454 0.99229382
 0.99203414 0.99155963 0.99142972 0.99124233 0.99106706 0.99099312
 0.99087812 0.99072188 0.99068828 0.99065836 0.99053945 0.99052703
 0.99049017 0.9904814  0.99031142 0.99029136 0.99028171 0.99026968
 0.99025173 0.9900686  0.99006777 0.98983621 0.9896309  0.9896063 ]
24. Best individuals (target): [0.9896063  0.9896309  0.98983621 0.99006777 0.9900686  0.99025173
 0.99026968 0.99028171 0.99029136 0.99031142 0.9904814  0.99049017
 0.99052703 0.99053945 0.99065836 0.99068828 0.99072188 0.99087812
 0.99099312 0.99106706 0.99124233 0.99142972 0.99155963 0.99203414
 0.99229382 0.99230454 0.99269052 0.99280153 0.9929377  0.9929708
 0.99324259 0.99380015 0.99384314 0.99402925 0.99459613 0.99485208
 0.99502692 0.99519323 0.99542577 0.99545024 0.9964761  0.9966495 ]Mean reward: 0.9843130547203096
Sessgen: 11.689771890640259, other: 0.0009992122650146484, select1: 0.0029990673065185547, select2: 0.0009980201721191406, select3: 0.0, fit: 0.09422516822814941, score: 0.0

25. Best individuals (reward): [0.9966495  0.9964761  0.99545024 0.99542577 0.99519323 0.99502692
 0.99485208 0.99459613 0.99434931 0.99402925 0.99384314 0.9938237
 0.99380015 0.99324259 0.9929708  0.9929377  0.99280153 0.99269052
 0.99230454 0.99229382 0.99203414 0.99157405 0.99155963 0.99142972
 0.99124233 0.99106706 0.99099312 0.99087833 0.99087812 0.99072188
 0.99068828 0.99065836 0.99053945 0.99052703 0.99049017 0.9904814
 0.99031142 0.99029136 0.99028171 0.99026968 0.99025173 0.99009078]
25. Best individuals (target): [0.99009078 0.99025173 0.99026968 0.99028171 0.99029136 0.99031142
 0.9904814  0.99049017 0.99052703 0.99053945 0.99065836 0.99068828
 0.99072188 0.99087812 0.99087833 0.99099312 0.99106706 0.99124233
 0.99142972 0.99155963 0.99157405 0.99203414 0.99229382 0.99230454
 0.99269052 0.99280153 0.9929377  0.9929708  0.99324259 0.99380015
 0.9938237  0.99384314 0.99402925 0.99434931 0.99459613 0.99485208
 0.99502692 0.99519323 0.99542577 0.99545024 0.9964761  0.9966495 ]Mean reward: 0.9854485668397187
Sessgen: 11.096699237823486, other: 0.0, select1: 0.002996683120727539, select2: 0.000997304916381836, select3: 0.0, fit: 0.0948331356048584, score: 0.0010020732879638672

26. Best individuals (reward): [0.9966495  0.9964761  0.99630202 0.99545024 0.99542577 0.99519323
 0.99502692 0.99485208 0.99459613 0.99434931 0.99402925 0.99384314
 0.9938237  0.99380015 0.9933508  0.99324259 0.9929708  0.9929377
 0.99280153 0.99269052 0.99230454 0.99229382 0.99203414 0.99164927
 0.99157405 0.99155963 0.99142972 0.99124233 0.99106706 0.99099312
 0.99087833 0.99087812 0.99072188 0.99068828 0.99065836 0.99058729
 0.99053945 0.99052703 0.99049017 0.9904814  0.99031142 0.99029136]
26. Best individuals (target): [0.99029136 0.99031142 0.9904814  0.99049017 0.99052703 0.99053945
 0.99058729 0.99065836 0.99068828 0.99072188 0.99087812 0.99087833
 0.99099312 0.99106706 0.99124233 0.99142972 0.99155963 0.99157405
 0.99164927 0.99203414 0.99229382 0.99230454 0.99269052 0.99280153
 0.9929377  0.9929708  0.99324259 0.9933508  0.99380015 0.9938237
 0.99384314 0.99402925 0.99434931 0.99459613 0.99485208 0.99502692
 0.99519323 0.99542577 0.99545024 0.99630202 0.9964761  0.9966495 ]Mean reward: 0.9865460378106009
Sessgen: 10.646297454833984, other: 0.0009963512420654297, select1: 0.0029993057250976562, select2: 0.0010013580322265625, select3: 0.0, fit: 0.09229183197021484, score: 0.0009989738464355469

27. Best individuals (reward): [0.9966495  0.9964761  0.99630202 0.99597523 0.99545024 0.99542577
 0.99520948 0.99519323 0.99502692 0.99485208 0.99459613 0.99434931
 0.99405293 0.99402925 0.99384314 0.9938237  0.99380015 0.9933508
 0.99324259 0.9929708  0.9929377  0.99280153 0.99269052 0.99230454
 0.99229382 0.99203414 0.99164927 0.99162614 0.99157405 0.99155963
 0.99142972 0.99124233 0.99106706 0.99099312 0.99087833 0.99087812
 0.99081134 0.99072188 0.99068828 0.99065836 0.99058729 0.99056083]
27. Best individuals (target): [0.99056083 0.99058729 0.99065836 0.99068828 0.99072188 0.99081134
 0.99087812 0.99087833 0.99099312 0.99106706 0.99124233 0.99142972
 0.99155963 0.99157405 0.99162614 0.99164927 0.99203414 0.99229382
 0.99230454 0.99269052 0.99280153 0.9929377  0.9929708  0.99324259
 0.9933508  0.99380015 0.9938237  0.99384314 0.99402925 0.99405293
 0.99434931 0.99459613 0.99485208 0.99502692 0.99519323 0.99520948
 0.99542577 0.99545024 0.99597523 0.99630202 0.9964761  0.9966495 ]Mean reward: 0.9864408757640546
Sessgen: 10.95991826057434, other: 0.0009992122650146484, select1: 0.004998683929443359, select2: 0.001001119613647461, select3: 0.0, fit: 0.0969855785369873, score: 0.0010004043579101562

28. Best individuals (reward): [0.9966495  0.9964761  0.99630202 0.99597523 0.99545024 0.99542577
 0.99520948 0.99519323 0.99502692 0.99485208 0.99459613 0.99434931
 0.99405293 0.99404174 0.99402925 0.99384314 0.9938237  0.99380015
 0.99358817 0.9933508  0.99324259 0.9929708  0.9929377  0.99280153
 0.99269052 0.99234013 0.99230454 0.99229382 0.99203414 0.99164927
 0.99162614 0.99157405 0.99155963 0.99142972 0.99124233 0.99106706
 0.99099312 0.99087833 0.99087812 0.99081134 0.99072188 0.99068828]
28. Best individuals (target): [0.99068828 0.99072188 0.99081134 0.99087812 0.99087833 0.99099312
 0.99106706 0.99124233 0.99142972 0.99155963 0.99157405 0.99162614
 0.99164927 0.99203414 0.99229382 0.99230454 0.99234013 0.99269052
 0.99280153 0.9929377  0.9929708  0.99324259 0.9933508  0.99358817
 0.99380015 0.9938237  0.99384314 0.99402925 0.99404174 0.99405293
 0.99434931 0.99459613 0.99485208 0.99502692 0.99519323 0.99520948
 0.99542577 0.99545024 0.99597523 0.99630202 0.9964761  0.9966495 ]Mean reward: 0.9859690064181688
Sessgen: 11.354333400726318, other: 0.0, select1: 0.0029976367950439453, select2: 0.0010006427764892578, select3: 0.0, fit: 0.09788250923156738, score: 0.0

29. Best individuals (reward): [0.9966495  0.9964761  0.99630202 0.99597523 0.99545024 0.99542577
 0.99520948 0.99519323 0.99502692 0.99485208 0.99459613 0.99455716
 0.99434931 0.99405293 0.99404174 0.99402925 0.99384314 0.9938237
 0.99380015 0.99358817 0.9933508  0.99324259 0.9929708  0.9929377
 0.99280153 0.99269052 0.99247914 0.99234013 0.99230454 0.99229382
 0.99212289 0.99203414 0.99164927 0.99162614 0.99157405 0.99155963
 0.99142972 0.99139908 0.99127105 0.99124233 0.99106706 0.99099312]
29. Best individuals (target): [0.99099312 0.99106706 0.99124233 0.99127105 0.99139908 0.99142972
 0.99155963 0.99157405 0.99162614 0.99164927 0.99203414 0.99212289
 0.99229382 0.99230454 0.99234013 0.99247914 0.99269052 0.99280153
 0.9929377  0.9929708  0.99324259 0.9933508  0.99358817 0.99380015
 0.9938237  0.99384314 0.99402925 0.99404174 0.99405293 0.99434931
 0.99455716 0.99459613 0.99485208 0.99502692 0.99519323 0.99520948
 0.99542577 0.99545024 0.99597523 0.99630202 0.9964761  0.9966495 ]Mean reward: 0.986939943645897
Sessgen: 10.411608695983887, other: 0.0010378360748291016, select1: 0.003952503204345703, select2: 0.0, select3: 0.0, fit: 0.11592531204223633, score: 0.0009987354278564453

30. Best individuals (reward): [0.9966495  0.9964761  0.99630202 0.99597523 0.99587052 0.99545024
 0.99542577 0.99520948 0.99519323 0.99502692 0.99485208 0.99459613
 0.99455716 0.99434931 0.99423351 0.99405293 0.99404174 0.99402925
 0.99384748 0.99384314 0.9938237  0.99380015 0.99358817 0.9933508
 0.99324259 0.9930863  0.9929708  0.9929377  0.99280153 0.99269052
 0.99269037 0.99247914 0.99234013 0.99230454 0.99229382 0.99212289
 0.99203414 0.99195379 0.99164927 0.99162614 0.99157405 0.99155963]
30. Best individuals (target): [0.99155963 0.99157405 0.99162614 0.99164927 0.99195379 0.99203414
 0.99212289 0.99229382 0.99230454 0.99234013 0.99247914 0.99269037
 0.99269052 0.99280153 0.9929377  0.9929708  0.9930863  0.99324259
 0.9933508  0.99358817 0.99380015 0.9938237  0.99384314 0.99384748
 0.99402925 0.99404174 0.99405293 0.99423351 0.99434931 0.99455716
 0.99459613 0.99485208 0.99502692 0.99519323 0.99520948 0.99542577
 0.99545024 0.99587052 0.99597523 0.99630202 0.9964761  0.9966495 ]Mean reward: 0.9870363528930143
Sessgen: 11.533070087432861, other: 0.0, select1: 0.0030031204223632812, select2: 0.0009970664978027344, select3: 0.0, fit: 0.10132813453674316, score: 0.0

31. Best individuals (reward): [0.9966495  0.9964761  0.99630202 0.99597523 0.99587052 0.99545024
 0.99542577 0.99520948 0.99519323 0.99502692 0.99485208 0.99459613
 0.99455716 0.99434931 0.99423351 0.99405293 0.99404174 0.99402925
 0.99384748 0.99384314 0.9938237  0.99380015 0.99358817 0.9933508
 0.99324259 0.9930863  0.9929708  0.9929377  0.99280153 0.99269052
 0.99269037 0.99247914 0.99234013 0.99230454 0.99229382 0.99212289
 0.99203414 0.99201613 0.99195379 0.99164927 0.99162614 0.99157405]
31. Best individuals (target): [0.99157405 0.99162614 0.99164927 0.99195379 0.99201613 0.99203414
 0.99212289 0.99229382 0.99230454 0.99234013 0.99247914 0.99269037
 0.99269052 0.99280153 0.9929377  0.9929708  0.9930863  0.99324259
 0.9933508  0.99358817 0.99380015 0.9938237  0.99384314 0.99384748
 0.99402925 0.99404174 0.99405293 0.99423351 0.99434931 0.99455716
 0.99459613 0.99485208 0.99502692 0.99519323 0.99520948 0.99542577
 0.99545024 0.99587052 0.99597523 0.99630202 0.9964761  0.9966495 ]Mean reward: 0.9870514953613879
Sessgen: 10.425591230392456, other: 0.0, select1: 0.003995418548583984, select2: 0.001005411148071289, select3: 0.0, fit: 0.09765243530273438, score: 0.0

32. Best individuals (reward): [0.99701205 0.9966495  0.9964761  0.99630202 0.99603312 0.99597523
 0.99587052 0.99545024 0.99542577 0.99520948 0.99519323 0.99502692
 0.99485208 0.99459613 0.99455716 0.99434931 0.99423351 0.99405293
 0.99404174 0.99402925 0.99384748 0.99384314 0.9938237  0.99380015
 0.99358817 0.9933508  0.99324259 0.9930863  0.9929708  0.9929377
 0.99280153 0.99269052 0.99269037 0.99247914 0.99246268 0.99234013
 0.99230454 0.99229382 0.99212289 0.99203414 0.99201613 0.99195379]
32. Best individuals (target): [0.99195379 0.99201613 0.99203414 0.99212289 0.99229382 0.99230454
 0.99234013 0.99246268 0.99247914 0.99269037 0.99269052 0.99280153
 0.9929377  0.9929708  0.9930863  0.99324259 0.9933508  0.99358817
 0.99380015 0.9938237  0.99384314 0.99384748 0.99402925 0.99404174
 0.99405293 0.99423351 0.99434931 0.99455716 0.99459613 0.99485208
 0.99502692 0.99519323 0.99520948 0.99542577 0.99545024 0.99587052
 0.99597523 0.99603312 0.99630202 0.9964761  0.9966495  0.99701205]Mean reward: 0.9866664641882061
Sessgen: 10.095200777053833, other: 0.0, select1: 0.003997087478637695, select2: 0.0, select3: 0.0, fit: 0.10183978080749512, score: 0.0

33. Best individuals (reward): [0.99701205 0.9966495  0.9964761  0.99630202 0.99603312 0.99597523
 0.99587052 0.99545024 0.99542577 0.99520948 0.99519323 0.99502692
 0.99485208 0.99459613 0.99455716 0.99434931 0.99423351 0.99405293
 0.99404174 0.99402925 0.99384748 0.99384314 0.9938237  0.99380015
 0.99358817 0.9933508  0.99324259 0.9930863  0.9929708  0.9929377
 0.99280153 0.99269052 0.99269037 0.99247914 0.99246268 0.99234013
 0.99233529 0.99230454 0.99229382 0.99212289 0.99203414 0.99201613]
