
0. Best individuals (reward): [0.79579945 0.76993664 0.75937703 0.74647141 0.74089761 0.73768983
 0.73497994 0.72872884 0.7274728  0.72736875 0.71490909 0.71398592
 0.70924169 0.70689676 0.70679497 0.70621787 0.70317449 0.70287938
 0.69814612 0.69515488 0.69391848 0.69276048 0.69262796 0.68853109
 0.68738291 0.68719382 0.68540605 0.68401229 0.68281816 0.68088886
 0.67853005 0.67839044 0.67608795 0.67468075 0.67294212 0.67289397
 0.67051984 0.67043343 0.66970905 0.6685395 ]
0. Best individuals (target): [0.6685395  0.66970905 0.67043343 0.67051984 0.67289397 0.67294212
 0.67468075 0.67608795 0.67839044 0.67853005 0.68088886 0.68281816
 0.68401229 0.68540605 0.68719382 0.68738291 0.68853109 0.69262796
 0.69276048 0.69391848 0.69515488 0.69814612 0.70287938 0.70317449
 0.70621787 0.70679497 0.70689676 0.70924169 0.71398592 0.71490909
 0.72736875 0.7274728  0.72872884 0.73497994 0.73768983 0.74089761
 0.74647141 0.75937703 0.76993664 0.79579945]Mean reward: 0.6623872878080967
Sessgen: 2.4995851516723633, other: 0.0, select1: 0.0059316158294677734, select2: 0.000993967056274414, select3: 0.0, fit: 0.5315430164337158, score: 0.0

1. Best individuals (reward): [0.8064036  0.80033667 0.79900918 0.79579945 0.78111879 0.77931845
 0.77204682 0.7705022  0.76993664 0.75937703 0.75385939 0.75097444
 0.74647141 0.74184708 0.74114798 0.74089761 0.73768983 0.73497994
 0.7332386  0.72872884 0.72805954 0.72749986 0.7274728  0.72736875
 0.72558178 0.71725474 0.71490909 0.7147118  0.71398592 0.71374627
 0.71359402 0.71269484 0.71155647 0.71126722 0.71008272 0.70924169
 0.70754253 0.70689676 0.70679497 0.70650203 0.70621787 0.70465881]
1. Best individuals (target): [0.70465881 0.70621787 0.70650203 0.70679497 0.70689676 0.70754253
 0.70924169 0.71008272 0.71126722 0.71155647 0.71269484 0.71359402
 0.71374627 0.71398592 0.7147118  0.71490909 0.71725474 0.72558178
 0.72736875 0.7274728  0.72749986 0.72805954 0.72872884 0.7332386
 0.73497994 0.73768983 0.74089761 0.74114798 0.74184708 0.74647141
 0.75097444 0.75385939 0.75937703 0.76993664 0.7705022  0.77204682
 0.77931845 0.78111879 0.79579945 0.79900918 0.80033667 0.8064036 ]Mean reward: 0.7068387486609714
Sessgen: 2.397804021835327, other: 0.0, select1: 0.0009996891021728516, select2: 0.0009999275207519531, select3: 0.0, fit: 0.11750125885009766, score: 0.0

2. Best individuals (reward): [0.8064036  0.80033667 0.79900918 0.79579945 0.79516377 0.78281938
 0.78111879 0.78078586 0.77931845 0.77204682 0.7705022  0.76993664
 0.76265509 0.75937703 0.75528317 0.75385939 0.75097444 0.75046943
 0.74647141 0.74506613 0.74484388 0.74184708 0.74114798 0.74089761
 0.74063725 0.73957019 0.73948963 0.73768983 0.73497994 0.73421228
 0.73385861 0.7332386  0.73279561 0.73118798 0.72872884 0.7280978
 0.72805954 0.72779091 0.72749986 0.7274728  0.72736875 0.72711307]
2. Best individuals (target): [0.72711307 0.72736875 0.7274728  0.72749986 0.72779091 0.72805954
 0.7280978  0.72872884 0.73118798 0.73279561 0.7332386  0.73385861
 0.73421228 0.73497994 0.73768983 0.73948963 0.73957019 0.74063725
 0.74089761 0.74114798 0.74184708 0.74484388 0.74506613 0.74647141
 0.75046943 0.75097444 0.75385939 0.75528317 0.75937703 0.76265509
 0.76993664 0.7705022  0.77204682 0.77931845 0.78078586 0.78111879
 0.78281938 0.79516377 0.79579945 0.79900918 0.80033667 0.8064036 ]Mean reward: 0.7222402509041614
Sessgen: 2.326045036315918, other: 0.0, select1: 0.0009996891021728516, select2: 0.0009992122650146484, select3: 0.0, fit: 0.0759732723236084, score: 0.0

3. Best individuals (reward): [0.8064036  0.80033667 0.79900918 0.79579945 0.79516377 0.79118254
 0.78281938 0.78111879 0.78078586 0.77931845 0.77737992 0.77204682
 0.7711824  0.77078194 0.7705022  0.76993664 0.76903324 0.76795791
 0.76265509 0.76214464 0.75960609 0.75937703 0.75576919 0.75528317
 0.75385939 0.75139239 0.75097444 0.75046943 0.74944639 0.74820537
 0.74795161 0.74654386 0.74647141 0.74532336 0.74506613 0.74484388
 0.74373565 0.7429506  0.74277609 0.74253687 0.74194415 0.74184708]
3. Best individuals (target): [0.74184708 0.74194415 0.74253687 0.74277609 0.7429506  0.74373565
 0.74484388 0.74506613 0.74532336 0.74647141 0.74654386 0.74795161
 0.74820537 0.74944639 0.75046943 0.75097444 0.75139239 0.75385939
 0.75528317 0.75576919 0.75937703 0.75960609 0.76214464 0.76265509
 0.76795791 0.76903324 0.76993664 0.7705022  0.77078194 0.7711824
 0.77204682 0.77737992 0.77931845 0.78078586 0.78111879 0.78281938
 0.79118254 0.79516377 0.79579945 0.79900918 0.80033667 0.8064036 ]Mean reward: 0.7409571971870321
Sessgen: 2.3189375400543213, other: 0.0, select1: 0.0029990673065185547, select2: 0.0019855499267578125, select3: 0.0, fit: 0.08199262619018555, score: 0.0

4. Best individuals (reward): [0.87878679 0.8181528  0.81670666 0.8064036  0.80300502 0.80290756
 0.80033667 0.79961598 0.79900918 0.79662904 0.79579945 0.79516377
 0.79118254 0.78947668 0.78890659 0.78705423 0.78281938 0.78111879
 0.78078586 0.77931845 0.77921735 0.77795015 0.77737992 0.77617156
 0.77388719 0.77204682 0.77162355 0.7711824  0.77078194 0.7706536
 0.7705022  0.76993664 0.76922188 0.76903324 0.76895411 0.76795791
 0.76601052 0.76469166 0.76265509 0.76214464 0.76208639 0.76178498]
4. Best individuals (target): [0.76178498 0.76208639 0.76214464 0.76265509 0.76469166 0.76601052
 0.76795791 0.76895411 0.76903324 0.76922188 0.76993664 0.7705022
 0.7706536  0.77078194 0.7711824  0.77162355 0.77204682 0.77388719
 0.77617156 0.77737992 0.77795015 0.77921735 0.77931845 0.78078586
 0.78111879 0.78281938 0.78705423 0.78890659 0.78947668 0.79118254
 0.79516377 0.79579945 0.79662904 0.79900918 0.79961598 0.80033667
 0.80290756 0.80300502 0.8064036  0.81670666 0.8181528  0.87878679]Mean reward: 0.7600855290979528
Sessgen: 2.236121892929077, other: 0.0009996891021728516, select1: 0.0010294914245605469, select2: 0.0, select3: 0.0, fit: 0.07998228073120117, score: 0.0

5. Best individuals (reward): [0.87878679 0.8668763  0.84007317 0.83329494 0.83193752 0.81912651
 0.8181528  0.81805092 0.81670666 0.81018811 0.80919204 0.8064036
 0.80300502 0.80290756 0.80245567 0.80033667 0.79961598 0.79912735
 0.79900918 0.79662904 0.79579945 0.79516377 0.79312192 0.79173886
 0.79118254 0.790151   0.78947668 0.78890659 0.78705423 0.78553519
 0.78494417 0.78281938 0.78275367 0.78230711 0.78111879 0.78078586
 0.78016137 0.77931845 0.77921735 0.77795015 0.77769512 0.77737992]
5. Best individuals (target): [0.77737992 0.77769512 0.77795015 0.77921735 0.77931845 0.78016137
 0.78078586 0.78111879 0.78230711 0.78275367 0.78281938 0.78494417
 0.78553519 0.78705423 0.78890659 0.78947668 0.790151   0.79118254
 0.79173886 0.79312192 0.79516377 0.79579945 0.79662904 0.79900918
 0.79912735 0.79961598 0.80033667 0.80245567 0.80290756 0.80300502
 0.8064036  0.80919204 0.81018811 0.81670666 0.81805092 0.8181528
 0.81912651 0.83193752 0.83329494 0.84007317 0.8668763  0.87878679]Mean reward: 0.7786553013555789
Sessgen: 2.2406973838806152, other: 0.0009984970092773438, select1: 0.002001523971557617, select2: 0.0, select3: 0.0, fit: 0.07738733291625977, score: 0.0

6. Best individuals (reward): [0.87878679 0.8695387  0.8668763  0.84165639 0.84007317 0.83407417
 0.83329494 0.83193752 0.82438069 0.82217017 0.81912651 0.8181528
 0.81805092 0.81670666 0.81319729 0.81018811 0.8100718  0.80966216
 0.80941176 0.80941176 0.80919204 0.80905168 0.80817206 0.8070092
 0.8064036  0.80535875 0.80300502 0.80290756 0.80286213 0.80245567
 0.80177492 0.80082433 0.80044773 0.80033667 0.80010315 0.79961598
 0.79912735 0.79900918 0.79852209 0.79843559 0.79785181 0.79730529]
6. Best individuals (target): [0.79730529 0.79785181 0.79843559 0.79852209 0.79900918 0.79912735
 0.79961598 0.80010315 0.80033667 0.80044773 0.80082433 0.80177492
 0.80245567 0.80286213 0.80290756 0.80300502 0.80535875 0.8064036
 0.8070092  0.80817206 0.80905168 0.80919204 0.80941176 0.80941176
 0.80966216 0.8100718  0.81018811 0.81319729 0.81670666 0.81805092
 0.8181528  0.81912651 0.82217017 0.82438069 0.83193752 0.83329494
 0.83407417 0.84007317 0.84165639 0.8668763  0.8695387  0.87878679]Mean reward: 0.7977933725974253
Sessgen: 2.4548211097717285, other: 0.0, select1: 0.0020041465759277344, select2: 0.0, select3: 0.0, fit: 0.07949066162109375, score: 0.0

7. Best individuals (reward): [0.87878679 0.8739538  0.87186487 0.8695387  0.8668763  0.851678
 0.85154699 0.85048081 0.84848332 0.84552574 0.84165639 0.84153651
 0.84007317 0.83865253 0.83830751 0.83432552 0.83407417 0.83329494
 0.83281978 0.83193752 0.82565107 0.82452176 0.82438069 0.82383286
 0.82261279 0.82217017 0.82090404 0.82068706 0.82038739 0.81912651
 0.81902235 0.8181528  0.81805092 0.816836   0.81670666 0.81669898
 0.81523961 0.81505118 0.81498273 0.81492137 0.81426412 0.81328703]
7. Best individuals (target): [0.81328703 0.81426412 0.81492137 0.81498273 0.81505118 0.81523961
 0.81669898 0.81670666 0.816836   0.81805092 0.8181528  0.81902235
 0.81912651 0.82038739 0.82068706 0.82090404 0.82217017 0.82261279
 0.82383286 0.82438069 0.82452176 0.82565107 0.83193752 0.83281978
 0.83329494 0.83407417 0.83432552 0.83830751 0.83865253 0.84007317
 0.84153651 0.84165639 0.84552574 0.84848332 0.85048081 0.85154699
 0.851678   0.8668763  0.8695387  0.87186487 0.8739538  0.87878679]Mean reward: 0.8171485457814661
Sessgen: 2.237290382385254, other: 0.0, select1: 0.0009984970092773438, select2: 0.000997781753540039, select3: 0.0, fit: 0.07796001434326172, score: 0.0

8. Best individuals (reward): [0.89164146 0.87878679 0.8739538  0.87186487 0.8695387  0.8668763
 0.86636268 0.85329086 0.851678   0.85154699 0.85048081 0.84879173
 0.84848332 0.84796035 0.84609795 0.84552574 0.84524757 0.84325862
 0.84202087 0.84165639 0.84153651 0.84108792 0.84007317 0.83966344
 0.83956432 0.83904561 0.83865253 0.83830751 0.83728146 0.83678907
 0.83647518 0.83569766 0.83558375 0.83447811 0.83432552 0.83407417
 0.83398846 0.83339995 0.83329494 0.83320306 0.83281978 0.83281624]
8. Best individuals (target): [0.83281624 0.83281978 0.83320306 0.83329494 0.83339995 0.83398846
 0.83407417 0.83432552 0.83447811 0.83558375 0.83569766 0.83647518
 0.83678907 0.83728146 0.83830751 0.83865253 0.83904561 0.83956432
 0.83966344 0.84007317 0.84108792 0.84153651 0.84165639 0.84202087
 0.84325862 0.84524757 0.84552574 0.84609795 0.84796035 0.84848332
 0.84879173 0.85048081 0.85154699 0.851678   0.85329086 0.86636268
 0.8668763  0.8695387  0.87186487 0.8739538  0.87878679 0.89164146]Mean reward: 0.8325512762204248
Sessgen: 2.2682535648345947, other: 0.0, select1: 0.0020008087158203125, select2: 0.0, select3: 0.0, fit: 0.07860112190246582, score: 0.0009987354278564453

9. Best individuals (reward): [0.89164146 0.88284079 0.87991501 0.87878679 0.8739538  0.87186487
 0.8695387  0.8668763  0.86636268 0.85885466 0.8576415  0.85451924
 0.85379858 0.85329086 0.851678   0.85154699 0.85049372 0.85048081
 0.84962498 0.84879173 0.84848332 0.8482788  0.84796035 0.84796035
 0.8477524  0.84739007 0.84609795 0.84595042 0.84572654 0.84552574
 0.84539023 0.84524757 0.84440534 0.84325862 0.84292098 0.84202087
 0.84165639 0.84160419 0.84153651 0.84108792 0.84080213 0.84077852]
9. Best individuals (target): [0.84077852 0.84080213 0.84108792 0.84153651 0.84160419 0.84165639
 0.84202087 0.84292098 0.84325862 0.84440534 0.84524757 0.84539023
 0.84552574 0.84572654 0.84595042 0.84609795 0.84739007 0.8477524
 0.84796035 0.84796035 0.8482788  0.84848332 0.84879173 0.84962498
 0.85048081 0.85049372 0.85154699 0.851678   0.85329086 0.85379858
 0.85451924 0.8576415  0.85885466 0.86636268 0.8668763  0.8695387
 0.87186487 0.8739538  0.87878679 0.87991501 0.88284079 0.89164146]Mean reward: 0.8407370464339375
Sessgen: 2.3801889419555664, other: 0.0, select1: 0.0010023117065429688, select2: 0.0010042190551757812, select3: 0.0, fit: 0.07619953155517578, score: 0.0

10. Best individuals (reward): [0.89164146 0.88284079 0.87991501 0.87878679 0.8769168  0.8739538
 0.87243556 0.87205299 0.87186487 0.86974496 0.8695387  0.8668763
 0.86636268 0.86250226 0.86034525 0.8596417  0.8596417  0.85885466
 0.85884858 0.8576415  0.85547179 0.85451924 0.85404461 0.85379858
 0.85335322 0.85329086 0.85329086 0.85286596 0.85244676 0.85205867
 0.851678   0.85154699 0.85049372 0.85048081 0.84984587 0.84978494
 0.84962498 0.84879173 0.84848332 0.8482788  0.84796035 0.84796035]
10. Best individuals (target): [0.84796035 0.84796035 0.8482788  0.84848332 0.84879173 0.84962498
 0.84978494 0.84984587 0.85048081 0.85049372 0.85154699 0.851678
 0.85205867 0.85244676 0.85286596 0.85329086 0.85329086 0.85335322
 0.85379858 0.85404461 0.85451924 0.85547179 0.8576415  0.85884858
 0.85885466 0.8596417  0.8596417  0.86034525 0.86250226 0.86636268
 0.8668763  0.8695387  0.86974496 0.87186487 0.87205299 0.87243556
 0.8739538  0.8769168  0.87878679 0.87991501 0.88284079 0.89164146]Mean reward: 0.8470518922617464
Sessgen: 2.2133266925811768, other: 0.0, select1: 0.0010004043579101562, select2: 0.0009989738464355469, select3: 0.0, fit: 0.08789730072021484, score: 0.0

11. Best individuals (reward): [0.8934773  0.89164146 0.88289145 0.88284079 0.87991501 0.87878679
 0.8769168  0.87524476 0.8739538  0.87345634 0.87243556 0.87205299
 0.87186487 0.86974496 0.8695387  0.86905772 0.8668763  0.86636268
 0.86250226 0.86199337 0.86140116 0.86123956 0.86034525 0.8596417
 0.8596417  0.85947047 0.85885466 0.85884858 0.8576415  0.85701227
 0.85690969 0.85547179 0.85451924 0.85404461 0.85379858 0.85335322
 0.85329086 0.85329086 0.85323238 0.85306147 0.85286596 0.85244676]
11. Best individuals (target): [0.85244676 0.85286596 0.85306147 0.85323238 0.85329086 0.85329086
 0.85335322 0.85379858 0.85404461 0.85451924 0.85547179 0.85690969
 0.85701227 0.8576415  0.85884858 0.85885466 0.85947047 0.8596417
 0.8596417  0.86034525 0.86123956 0.86140116 0.86199337 0.86250226
 0.86636268 0.8668763  0.86905772 0.8695387  0.86974496 0.87186487
 0.87205299 0.87243556 0.87345634 0.8739538  0.87524476 0.8769168
 0.87878679 0.87991501 0.88284079 0.88289145 0.89164146 0.8934773 ]Mean reward: 0.8509405009643465
Sessgen: 2.2206079959869385, other: 0.0, select1: 0.0010008811950683594, select2: 0.0, select3: 0.001003265380859375, fit: 0.08055496215820312, score: 0.0

12. Best individuals (reward): [0.8934773  0.89203708 0.89164146 0.88289145 0.88284079 0.87991501
 0.87878679 0.8769168  0.87597459 0.87560353 0.87524476 0.87488657
 0.8739538  0.87345634 0.87252853 0.87243556 0.87205299 0.87186487
 0.86974496 0.8695387  0.86905772 0.86898246 0.86833235 0.8668763
 0.86636268 0.86250226 0.86199337 0.86140116 0.86123956 0.86045897
 0.86034525 0.8599473  0.8597866  0.8596417  0.8596417  0.85947047
 0.85922198 0.85889831 0.85885466 0.85884858 0.85878077 0.85797899]
12. Best individuals (target): [0.85797899 0.85878077 0.85884858 0.85885466 0.85889831 0.85922198
 0.85947047 0.8596417  0.8596417  0.8597866  0.8599473  0.86034525
 0.86045897 0.86123956 0.86140116 0.86199337 0.86250226 0.86636268
 0.8668763  0.86833235 0.86898246 0.86905772 0.8695387  0.86974496
 0.87186487 0.87205299 0.87243556 0.87252853 0.87345634 0.8739538
 0.87488657 0.87524476 0.87560353 0.87597459 0.8769168  0.87878679
 0.87991501 0.88284079 0.88289145 0.89164146 0.89203708 0.8934773 ]Mean reward: 0.8553620701031259
Sessgen: 2.171297550201416, other: 0.0010008811950683594, select1: 0.0009987354278564453, select2: 0.0, select3: 0.0, fit: 0.07957673072814941, score: 0.001024007797241211

13. Best individuals (reward): [0.90639269 0.8934773  0.89203708 0.89164146 0.89163191 0.88611449
 0.88600592 0.88365722 0.88289145 0.88284079 0.88074152 0.87991501
 0.87878679 0.8769168  0.87680841 0.87641373 0.87597459 0.87595213
 0.87577723 0.87560353 0.87524476 0.87488657 0.87403518 0.8739538
 0.87345634 0.8733704  0.87324685 0.87252853 0.87243556 0.87243556
 0.87217945 0.87205299 0.87186487 0.87148094 0.87148094 0.87023362
 0.8699778  0.86974496 0.86959198 0.8695387  0.86905772 0.86898246]
13. Best individuals (target): [0.86898246 0.86905772 0.8695387  0.86959198 0.86974496 0.8699778
 0.87023362 0.87148094 0.87148094 0.87186487 0.87205299 0.87217945
 0.87243556 0.87243556 0.87252853 0.87324685 0.8733704  0.87345634
 0.8739538  0.87403518 0.87488657 0.87524476 0.87560353 0.87577723
 0.87595213 0.87597459 0.87641373 0.87680841 0.8769168  0.87878679
 0.87991501 0.88074152 0.88284079 0.88289145 0.88365722 0.88600592
 0.88611449 0.89163191 0.89164146 0.89203708 0.8934773  0.90639269]Mean reward: 0.8650481193875674
Sessgen: 2.136121988296509, other: 0.0, select1: 0.0010018348693847656, select2: 0.000997781753540039, select3: 0.0, fit: 0.0812373161315918, score: 0.0

14. Best individuals (reward): [0.90639269 0.90342462 0.9034179  0.89744949 0.896467   0.89467952
 0.8934773  0.89271351 0.89203708 0.89164146 0.89163191 0.88791091
 0.88764603 0.88740865 0.88730237 0.88718318 0.88611449 0.88600592
 0.88463185 0.88447108 0.88365722 0.88353252 0.88337811 0.88289145
 0.88284079 0.88218591 0.88074152 0.88063937 0.87991501 0.87878679
 0.87744335 0.87734912 0.8772069  0.8769168  0.87680841 0.87641373
 0.87610341 0.87597459 0.87597459 0.87595213 0.87577723 0.87566101]
14. Best individuals (target): [0.87566101 0.87577723 0.87595213 0.87597459 0.87597459 0.87610341
 0.87641373 0.87680841 0.8769168  0.8772069  0.87734912 0.87744335
 0.87878679 0.87991501 0.88063937 0.88074152 0.88218591 0.88284079
 0.88289145 0.88337811 0.88353252 0.88365722 0.88447108 0.88463185
 0.88600592 0.88611449 0.88718318 0.88730237 0.88740865 0.88764603
 0.88791091 0.89163191 0.89164146 0.89203708 0.89271351 0.8934773
 0.89467952 0.896467   0.89744949 0.9034179  0.90342462 0.90639269]Mean reward: 0.8769417524190088
Sessgen: 2.5066916942596436, other: 0.0, select1: 0.0010006427764892578, select2: 0.001001119613647461, select3: 0.0, fit: 0.07894730567932129, score: 0.0

15. Best individuals (reward): [0.90900593 0.90831926 0.90639269 0.90342462 0.9034179  0.90213358
 0.90162697 0.89990453 0.89970904 0.89970904 0.8995768  0.8974671
 0.89744949 0.89718928 0.89684803 0.896467   0.89641901 0.89624132
 0.8954027  0.89536691 0.89467952 0.89407147 0.8934773  0.89271351
 0.89235301 0.89221404 0.89203708 0.89164146 0.89163191 0.88926349
 0.8888917  0.88884329 0.88868488 0.88839191 0.88791091 0.88764603
 0.88740865 0.88733608 0.88730237 0.88718318 0.88718318 0.88611449]
15. Best individuals (target): [0.88611449 0.88718318 0.88718318 0.88730237 0.88733608 0.88740865
 0.88764603 0.88791091 0.88839191 0.88868488 0.88884329 0.8888917
 0.88926349 0.89163191 0.89164146 0.89203708 0.89221404 0.89235301
 0.89271351 0.8934773  0.89407147 0.89467952 0.89536691 0.8954027
 0.89624132 0.89641901 0.896467   0.89684803 0.89718928 0.89744949
 0.8974671  0.8995768  0.89970904 0.89970904 0.89990453 0.90162697
 0.90213358 0.9034179  0.90342462 0.90639269 0.90831926 0.90900593]Mean reward: 0.8868422261591306
Sessgen: 2.4021999835968018, other: 0.0, select1: 0.0010004043579101562, select2: 0.0009996891021728516, select3: 0.0, fit: 0.08839607238769531, score: 0.0

16. Best individuals (reward): [0.91252453 0.91081039 0.90903868 0.90900593 0.90831926 0.90639269
 0.90342462 0.9034179  0.9034179  0.90292629 0.90213358 0.90162697
 0.90120701 0.90064118 0.90056849 0.90001478 0.89990453 0.89970904
 0.89970904 0.8995768  0.89815631 0.89809657 0.8974671  0.89744949
 0.89723974 0.89718928 0.89709185 0.89684803 0.896467   0.89641901
 0.89624132 0.89619099 0.89604554 0.89604554 0.89569131 0.8954027
 0.89536691 0.89467952 0.89467952 0.89407147 0.89362317 0.8934773 ]
16. Best individuals (target): [0.8934773  0.89362317 0.89407147 0.89467952 0.89467952 0.89536691
 0.8954027  0.89569131 0.89604554 0.89604554 0.89619099 0.89624132
 0.89641901 0.896467   0.89684803 0.89709185 0.89718928 0.89723974
 0.89744949 0.8974671  0.89809657 0.89815631 0.8995768  0.89970904
 0.89970904 0.89990453 0.90001478 0.90056849 0.90064118 0.90120701
 0.90162697 0.90213358 0.90292629 0.9034179  0.9034179  0.90342462
 0.90639269 0.90831926 0.90900593 0.90903868 0.91081039 0.91252453]Mean reward: 0.8929274571063429
Sessgen: 2.355510711669922, other: 0.0, select1: 0.0010018348693847656, select2: 0.0, select3: 0.0, fit: 0.08144474029541016, score: 0.0

17. Best individuals (reward): [0.91423954 0.91364042 0.91252453 0.91081039 0.90903868 0.90900593
 0.90900593 0.90890889 0.90831926 0.90655969 0.90653491 0.90639269
 0.90554919 0.90500524 0.90342462 0.9034179  0.9034179  0.9034179
 0.90292629 0.90213358 0.90213358 0.90197911 0.90177407 0.90162697
 0.90162697 0.90120701 0.90064118 0.90056849 0.90014215 0.90001478
 0.89990453 0.89981462 0.89970904 0.89970904 0.8995768  0.89903031
 0.89815631 0.89809657 0.89777048 0.8974671  0.8974671  0.89744949]
17. Best individuals (target): [0.89744949 0.8974671  0.8974671  0.89777048 0.89809657 0.89815631
 0.89903031 0.8995768  0.89970904 0.89970904 0.89981462 0.89990453
 0.90001478 0.90014215 0.90056849 0.90064118 0.90120701 0.90162697
 0.90162697 0.90177407 0.90197911 0.90213358 0.90213358 0.90292629
 0.9034179  0.9034179  0.9034179  0.90342462 0.90500524 0.90554919
 0.90639269 0.90653491 0.90655969 0.90831926 0.90890889 0.90900593
 0.90900593 0.90903868 0.91081039 0.91252453 0.91364042 0.91423954]Mean reward: 0.8969456062497261
Sessgen: 2.3773741722106934, other: 0.0, select1: 0.0009999275207519531, select2: 0.0009925365447998047, select3: 0.0, fit: 0.0789480209350586, score: 0.0

18. Best individuals (reward): [0.92436201 0.91669979 0.91423954 0.91364042 0.91252453 0.91081039
 0.90903868 0.90900593 0.90900593 0.9089665  0.90890889 0.90890889
 0.90831926 0.90655969 0.90655969 0.90653491 0.90639269 0.90554919
 0.90521636 0.90502791 0.90500524 0.90369225 0.90342462 0.9034179
 0.9034179  0.9034179  0.9033837  0.90292629 0.90213358 0.90213358
 0.90197911 0.90177407 0.90162697 0.90162697 0.90120701 0.90073334
 0.90064118 0.90064118 0.90060382 0.90056849 0.90040036 0.90014215]
18. Best individuals (target): [0.90014215 0.90040036 0.90056849 0.90060382 0.90064118 0.90064118
 0.90073334 0.90120701 0.90162697 0.90162697 0.90177407 0.90197911
 0.90213358 0.90213358 0.90292629 0.9033837  0.9034179  0.9034179
 0.9034179  0.90342462 0.90369225 0.90500524 0.90502791 0.90521636
 0.90554919 0.90639269 0.90653491 0.90655969 0.90655969 0.90831926
 0.90890889 0.90890889 0.9089665  0.90900593 0.90900593 0.90903868
 0.91081039 0.91252453 0.91364042 0.91423954 0.91669979 0.92436201]Mean reward: 0.8979844903239906
Sessgen: 2.2764840126037598, other: 0.0, select1: 0.002996206283569336, select2: 0.0009989738464355469, select3: 0.0, fit: 0.0950009822845459, score: 0.0

19. Best individuals (reward): [0.9316794  0.92942211 0.92436201 0.91669979 0.91423954 0.91364042
 0.91252453 0.91081039 0.91063808 0.90903868 0.90900593 0.90900593
 0.9089665  0.90890889 0.90890889 0.90831926 0.90655969 0.90655969
 0.90653491 0.90639269 0.90554919 0.90551281 0.90543202 0.90521636
 0.90502791 0.90500524 0.90414098 0.90369225 0.90342462 0.9034179
 0.9034179  0.9034179  0.9033837  0.90326549 0.90292629 0.90213358
 0.90213358 0.90197911 0.90184821 0.90177407 0.90162697 0.90162697]
19. Best individuals (target): [0.90162697 0.90162697 0.90177407 0.90184821 0.90197911 0.90213358
 0.90213358 0.90292629 0.90326549 0.9033837  0.9034179  0.9034179
 0.9034179  0.90342462 0.90369225 0.90414098 0.90500524 0.90502791
 0.90521636 0.90543202 0.90551281 0.90554919 0.90639269 0.90653491
 0.90655969 0.90655969 0.90831926 0.90890889 0.90890889 0.9089665
 0.90900593 0.90900593 0.90903868 0.91063808 0.91081039 0.91252453
 0.91364042 0.91423954 0.91669979 0.92436201 0.92942211 0.9316794 ]Mean reward: 0.8997610179117009
Sessgen: 2.346575975418091, other: 0.0, select1: 0.0019431114196777344, select2: 0.0010018348693847656, select3: 0.0, fit: 0.07769298553466797, score: 0.0010006427764892578

20. Best individuals (reward): [0.9316794  0.9316794  0.92942211 0.92436201 0.91669979 0.91423954
 0.91364042 0.91364042 0.91348013 0.91331431 0.91257093 0.91252453
 0.91198084 0.91192126 0.91151107 0.91081039 0.91063808 0.90903868
 0.90903868 0.90900593 0.90900593 0.9089665  0.90890889 0.90890889
 0.90862925 0.90848968 0.90831926 0.90778278 0.90724956 0.90655969
 0.90655969 0.90653491 0.90639269 0.9061938  0.90571625 0.90554919
 0.90551281 0.90543202 0.90538089 0.90521636 0.90502791 0.90500524]
20. Best individuals (target): [0.90500524 0.90502791 0.90521636 0.90538089 0.90543202 0.90551281
 0.90554919 0.90571625 0.9061938  0.90639269 0.90653491 0.90655969
 0.90655969 0.90724956 0.90778278 0.90831926 0.90848968 0.90862925
 0.90890889 0.90890889 0.9089665  0.90900593 0.90900593 0.90903868
 0.90903868 0.91063808 0.91081039 0.91151107 0.91192126 0.91198084
 0.91252453 0.91257093 0.91331431 0.91348013 0.91364042 0.91364042
 0.91423954 0.91669979 0.92436201 0.92942211 0.9316794  0.9316794 ]Mean reward: 0.9026528544800049
Sessgen: 2.3604509830474854, other: 0.0009965896606445312, select1: 0.0019998550415039062, select2: 0.0010373592376708984, select3: 0.0, fit: 0.0899658203125, score: 0.0

21. Best individuals (reward): [0.93285352 0.9316794  0.9316794  0.9307733  0.92942211 0.92849847
 0.9244424  0.92436201 0.91669979 0.91423954 0.91364042 0.91364042
 0.91348013 0.91331431 0.91257093 0.91257093 0.91252453 0.91198084
 0.91192126 0.91151107 0.91081039 0.91063808 0.90949786 0.90903868
 0.90903868 0.90900593 0.90900593 0.9089665  0.90890889 0.90890889
 0.90862925 0.90848968 0.90843548 0.90831926 0.90778278 0.90724956
 0.90655969 0.90655969 0.90653491 0.90639269 0.9061938  0.90571625]
21. Best individuals (target): [0.90571625 0.9061938  0.90639269 0.90653491 0.90655969 0.90655969
 0.90724956 0.90778278 0.90831926 0.90843548 0.90848968 0.90862925
 0.90890889 0.90890889 0.9089665  0.90900593 0.90900593 0.90903868
 0.90903868 0.90949786 0.91063808 0.91081039 0.91151107 0.91192126
 0.91198084 0.91252453 0.91257093 0.91257093 0.91331431 0.91348013
 0.91364042 0.91364042 0.91423954 0.91669979 0.92436201 0.9244424
 0.92849847 0.92942211 0.9307733  0.9316794  0.9316794  0.93285352]Mean reward: 0.9027551745418337
Sessgen: 2.5117263793945312, other: 0.0010001659393310547, select1: 0.0009999275207519531, select2: 0.0009975433349609375, select3: 0.0, fit: 0.10531353950500488, score: 0.0

22. Best individuals (reward): [0.93285352 0.9316794  0.9316794  0.9307733  0.92942211 0.92849847
 0.9244424  0.92436201 0.91669979 0.91423954 0.91364042 0.91364042
 0.91348013 0.91331431 0.91257093 0.91257093 0.91252453 0.91198084
 0.91198084 0.91192126 0.91151107 0.91151107 0.91081039 0.91063808
 0.90949786 0.90903868 0.90903868 0.90900593 0.90900593 0.9089665
 0.90890889 0.90890889 0.90862925 0.90848968 0.90843548 0.90831926
 0.90778278 0.90778278 0.90724956 0.90655969 0.90655969 0.90653491]
22. Best individuals (target): [0.90653491 0.90655969 0.90655969 0.90724956 0.90778278 0.90778278
 0.90831926 0.90843548 0.90848968 0.90862925 0.90890889 0.90890889
 0.9089665  0.90900593 0.90900593 0.90903868 0.90903868 0.90949786
 0.91063808 0.91081039 0.91151107 0.91151107 0.91192126 0.91198084
 0.91198084 0.91252453 0.91257093 0.91257093 0.91331431 0.91348013
 0.91364042 0.91364042 0.91423954 0.91669979 0.92436201 0.9244424
 0.92849847 0.92942211 0.9307733  0.9316794  0.9316794  0.93285352]Mean reward: 0.9018416316168463
Sessgen: 2.81905460357666, other: 0.0009996891021728516, select1: 0.0010042190551757812, select2: 0.0009951591491699219, select3: 0.0, fit: 0.08412456512451172, score: 0.0

23. Best individuals (reward): [0.93285352 0.9316794  0.9316794  0.9307733  0.92942211 0.92849847
 0.9244424  0.92436201 0.92138092 0.91669979 0.91423954 0.91364042
 0.91364042 0.91348013 0.91331431 0.91257093 0.91257093 0.91252453
 0.91198084 0.91198084 0.91192126 0.91151107 0.91151107 0.91081039
 0.91063808 0.90949786 0.90949786 0.90903868 0.90903868 0.90900593
 0.90900593 0.9089665  0.90890889 0.90890889 0.90862925 0.90848968
 0.90843548 0.90840066 0.90831926 0.90778278 0.90778278 0.90735119]
23. Best individuals (target): [0.90735119 0.90778278 0.90778278 0.90831926 0.90840066 0.90843548
 0.90848968 0.90862925 0.90890889 0.90890889 0.9089665  0.90900593
 0.90900593 0.90903868 0.90903868 0.90949786 0.90949786 0.91063808
 0.91081039 0.91151107 0.91151107 0.91192126 0.91198084 0.91198084
 0.91252453 0.91257093 0.91257093 0.91331431 0.91348013 0.91364042
 0.91364042 0.91423954 0.91669979 0.92138092 0.92436201 0.9244424
 0.92849847 0.92942211 0.9307733  0.9316794  0.9316794  0.93285352]Mean reward: 0.9037120811733744
Sessgen: 2.753704786300659, other: 0.0, select1: 0.00099945068359375, select2: 0.0009996891021728516, select3: 0.0, fit: 0.08914780616760254, score: 0.0

24. Best individuals (reward): [0.93285352 0.9316794  0.9316794  0.9307733  0.92942211 0.92849847
 0.92849847 0.9244424  0.9244424  0.92436201 0.92138092 0.92016783
 0.91669979 0.91651799 0.91423954 0.91364042 0.91364042 0.91348013
 0.91331431 0.91257093 0.91257093 0.91252453 0.91198084 0.91198084
 0.91192126 0.91177662 0.91151107 0.91151107 0.91081039 0.91063808
 0.90949786 0.90949786 0.90903868 0.90903868 0.90903868 0.90900593
 0.90900593 0.9089665  0.90890889 0.90890889 0.90862925 0.90848968]
24. Best individuals (target): [0.90848968 0.90862925 0.90890889 0.90890889 0.9089665  0.90900593
 0.90900593 0.90903868 0.90903868 0.90903868 0.90949786 0.90949786
 0.91063808 0.91081039 0.91151107 0.91151107 0.91177662 0.91192126
 0.91198084 0.91198084 0.91252453 0.91257093 0.91257093 0.91331431
 0.91348013 0.91364042 0.91364042 0.91423954 0.91651799 0.91669979
 0.92016783 0.92138092 0.92436201 0.9244424  0.9244424  0.92849847
 0.92849847 0.92942211 0.9307733  0.9316794  0.9316794  0.93285352]Mean reward: 0.905427031831502
Sessgen: 2.944744110107422, other: 0.0009999275207519531, select1: 0.0009992122650146484, select2: 0.0010006427764892578, select3: 0.0, fit: 0.08202743530273438, score: 0.0009996891021728516

25. Best individuals (reward): [0.93285352 0.9316794  0.9316794  0.9307733  0.92942211 0.92942211
 0.92849847 0.92849847 0.9244424  0.9244424  0.92436201 0.92138092
 0.92016783 0.91669979 0.91651799 0.91651799 0.91423954 0.91364042
 0.91364042 0.91348013 0.91331431 0.91257093 0.91257093 0.91252453
 0.91198084 0.91198084 0.91192126 0.91177662 0.91151107 0.91151107
 0.91111568 0.91111568 0.91081039 0.91063808 0.90949786 0.90949786
 0.90903868 0.90903868 0.90903868 0.90900593 0.90900593 0.9089665 ]
25. Best individuals (target): [0.9089665  0.90900593 0.90900593 0.90903868 0.90903868 0.90903868
 0.90949786 0.90949786 0.91063808 0.91081039 0.91111568 0.91111568
 0.91151107 0.91151107 0.91177662 0.91192126 0.91198084 0.91198084
 0.91252453 0.91257093 0.91257093 0.91331431 0.91348013 0.91364042
 0.91364042 0.91423954 0.91651799 0.91651799 0.91669979 0.92016783
 0.92138092 0.92436201 0.9244424  0.9244424  0.92849847 0.92849847
 0.92942211 0.92942211 0.9307733  0.9316794  0.9316794  0.93285352]Mean reward: 0.9034075542948475
Sessgen: 3.1670045852661133, other: 0.0, select1: 0.0009999275207519531, select2: 0.0009999275207519531, select3: 0.0, fit: 0.08626365661621094, score: 0.0009992122650146484

26. Best individuals (reward): [0.93285352 0.9316794  0.9316794  0.9307733  0.92942211 0.92942211
 0.92849847 0.92849847 0.9244424  0.9244424  0.92436201 0.92138092
 0.92016783 0.91669979 0.91651799 0.91651799 0.91423954 0.91364042
 0.91364042 0.91348013 0.91331431 0.91257093 0.91257093 0.91252453
 0.91198084 0.91198084 0.91192126 0.91177662 0.91151107 0.91151107
 0.91111568 0.91111568 0.91081039 0.91072139 0.91063808 0.90949786
 0.90949786 0.90903868 0.90903868 0.90903868 0.90900593 0.90900593]
26. Best individuals (target): [0.90900593 0.90900593 0.90903868 0.90903868 0.90903868 0.90949786
 0.90949786 0.91063808 0.91072139 0.91081039 0.91111568 0.91111568
 0.91151107 0.91151107 0.91177662 0.91192126 0.91198084 0.91198084
 0.91252453 0.91257093 0.91257093 0.91331431 0.91348013 0.91364042
 0.91364042 0.91423954 0.91651799 0.91651799 0.91669979 0.92016783
 0.92138092 0.92436201 0.9244424  0.9244424  0.92849847 0.92849847
 0.92942211 0.92942211 0.9307733  0.9316794  0.9316794  0.93285352]Mean reward: 0.9046865778347588
Sessgen: 3.0035035610198975, other: 0.0009999275207519531, select1: 0.0010006427764892578, select2: 0.0009980201721191406, select3: 0.0, fit: 0.08691930770874023, score: 0.0010004043579101562

27. Best individuals (reward): [0.93285352 0.9316794  0.9316794  0.9307733  0.92942211 0.92942211
 0.92849847 0.92849847 0.92481478 0.9244424  0.9244424  0.92436201
 0.92138092 0.92138092 0.92138092 0.92016783 0.91669979 0.91651799
 0.91651799 0.91423954 0.91364042 0.91364042 0.91348013 0.91331431
 0.91257093 0.91257093 0.91252453 0.91198084 0.91198084 0.91198084
 0.91192126 0.91177662 0.91151107 0.91151107 0.91111568 0.91111568
 0.91081039 0.91072139 0.91063808 0.90949786 0.90949786]
27. Best individuals (target): [0.90949786 0.90949786 0.91063808 0.91072139 0.91081039 0.91111568
 0.91111568 0.91151107 0.91151107 0.91177662 0.91192126 0.91198084
 0.91198084 0.91198084 0.91252453 0.91257093 0.91257093 0.91331431
 0.91348013 0.91364042 0.91364042 0.91423954 0.91651799 0.91651799
 0.91669979 0.92016783 0.92138092 0.92138092 0.92138092 0.92436201
 0.9244424  0.9244424  0.92481478 0.92849847 0.92849847 0.92942211
 0.92942211 0.9307733  0.9316794  0.9316794  0.93285352]Mean reward: 0.9051950680249969
Sessgen: 2.763962984085083, other: 0.0, select1: 0.0010001659393310547, select2: 0.0010001659393310547, select3: 0.0, fit: 0.09073519706726074, score: 0.0009999275207519531

28. Best individuals (reward): [0.93285352 0.93285352 0.9316794  0.9316794  0.9307733  0.92942211
 0.92942211 0.92849847 0.92849847 0.92481478 0.92481478 0.9244424
 0.9244424  0.92436201 0.92138092 0.92138092 0.92138092 0.92016783
 0.91669979 0.91651799 0.91651799 0.91651799 0.91651799 0.91423954
 0.91364042 0.91364042 0.91348013 0.91331431 0.91257093 0.91257093
 0.91252453 0.91198084 0.91198084 0.91198084 0.91192126 0.91177662
 0.91177662 0.91151107 0.91151107 0.91111568 0.91111568 0.91081039]
28. Best individuals (target): [0.91081039 0.91111568 0.91111568 0.91151107 0.91151107 0.91177662
 0.91177662 0.91192126 0.91198084 0.91198084 0.91198084 0.91252453
 0.91257093 0.91257093 0.91331431 0.91348013 0.91364042 0.91364042
 0.91423954 0.91651799 0.91651799 0.91651799 0.91651799 0.91669979
 0.92016783 0.92138092 0.92138092 0.92138092 0.92436201 0.9244424
 0.9244424  0.92481478 0.92481478 0.92849847 0.92849847 0.92942211
 0.92942211 0.9307733  0.9316794  0.9316794  0.93285352 0.93285352]Mean reward: 0.9067700474536309
Sessgen: 2.934488296508789, other: 0.0, select1: 0.0009961128234863281, select2: 0.0009980201721191406, select3: 0.0, fit: 0.08331513404846191, score: 0.0

29. Best individuals (reward): [0.93285352 0.93285352 0.9316794  0.9316794  0.9307733  0.92942211
 0.92942211 0.92849847 0.92849847 0.92481478 0.92481478 0.9244424
 0.9244424  0.92436201 0.92138092 0.92138092 0.92138092 0.92087123
 0.92021819 0.92016783 0.91669979 0.91651799 0.91651799 0.91651799
 0.91651799 0.91423954 0.91364042 0.91364042 0.91348013 0.91331431
 0.91282447 0.91257093 0.91257093 0.91252453 0.91198084 0.91198084
 0.91198084 0.91192126 0.91177662 0.91177662 0.91151107 0.91151107]
29. Best individuals (target): [0.91151107 0.91151107 0.91177662 0.91177662 0.91192126 0.91198084
 0.91198084 0.91198084 0.91252453 0.91257093 0.91257093 0.91282447
 0.91331431 0.91348013 0.91364042 0.91364042 0.91423954 0.91651799
 0.91651799 0.91651799 0.91651799 0.91669979 0.92016783 0.92021819
 0.92087123 0.92138092 0.92138092 0.92138092 0.92436201 0.9244424
 0.9244424  0.92481478 0.92481478 0.92849847 0.92849847 0.92942211
 0.92942211 0.9307733  0.9316794  0.9316794  0.93285352 0.93285352]Mean reward: 0.9049921937014642
Sessgen: 3.3063724040985107, other: 0.0, select1: 0.0019991397857666016, select2: 0.0009996891021728516, select3: 0.0, fit: 0.10874819755554199, score: 0.0

30. Best individuals (reward): [0.93285352 0.93285352 0.93285352 0.9316794  0.9316794  0.93080859
 0.9307733  0.92942211 0.92942211 0.92849847 0.92849847 0.92849847
 0.92481478 0.92481478 0.9244424  0.9244424  0.92436201 0.92138092
 0.92138092 0.92138092 0.92138092 0.92138092 0.92087123 0.92021819
 0.92016783 0.91669979 0.91669979 0.91651799 0.91651799 0.91651799
 0.91651799 0.91423954 0.91364042 0.91364042 0.91348013 0.91331431
 0.91282447 0.91257093 0.91257093 0.91252453 0.91198084]
30. Best individuals (target): [0.91198084 0.91252453 0.91257093 0.91257093 0.91282447 0.91331431
 0.91348013 0.91364042 0.91364042 0.91423954 0.91651799 0.91651799
 0.91651799 0.91651799 0.91669979 0.91669979 0.92016783 0.92021819
 0.92087123 0.92138092 0.92138092 0.92138092 0.92138092 0.92138092
 0.92436201 0.9244424  0.9244424  0.92481478 0.92481478 0.92849847
 0.92849847 0.92849847 0.92942211 0.92942211 0.9307733  0.93080859
 0.9316794  0.9316794  0.93285352 0.93285352 0.93285352]Mean reward: 0.9072425537335046
Sessgen: 3.1476223468780518, other: 0.0009975433349609375, select1: 0.002012968063354492, select2: 0.0009891986846923828, select3: 0.0, fit: 0.12099909782409668, score: 0.0

31. Best individuals (reward): [0.93285352 0.93285352 0.93285352 0.9316794  0.9316794  0.93080859
 0.9307733  0.92942211 0.92942211 0.92849847 0.92849847 0.92849847
 0.92481478 0.92481478 0.9244424  0.9244424  0.92436201 0.92138092
 0.92138092 0.92138092 0.92138092 0.92138092 0.92087123 0.92021819
 0.92016783 0.91669979 0.91669979 0.91669979 0.91651799 0.91651799
 0.91651799 0.91651799 0.91423954 0.91364042 0.91364042 0.91348013
 0.91331431 0.91282447 0.91257093 0.91257093 0.91252453 0.91198084]
31. Best individuals (target): [0.91198084 0.91252453 0.91257093 0.91257093 0.91282447 0.91331431
 0.91348013 0.91364042 0.91364042 0.91423954 0.91651799 0.91651799
 0.91651799 0.91651799 0.91669979 0.91669979 0.91669979 0.92016783
 0.92021819 0.92087123 0.92138092 0.92138092 0.92138092 0.92138092
 0.92138092 0.92436201 0.9244424  0.9244424  0.92481478 0.92481478
 0.92849847 0.92849847 0.92849847 0.92942211 0.92942211 0.9307733
 0.93080859 0.9316794  0.9316794  0.93285352 0.93285352 0.93285352]Mean reward: 0.9074001601532422
Sessgen: 3.4663238525390625, other: 0.0, select1: 0.002000093460083008, select2: 0.0, select3: 0.0010008811950683594, fit: 0.09535670280456543, score: 0.0009899139404296875

32. Best individuals (reward): [0.93285352 0.93285352 0.93285352 0.9316794  0.9316794  0.93080859
 0.9307733  0.92942211 0.92942211 0.92849847 0.92849847 0.92849847
 0.92481478 0.92481478 0.9244424  0.9244424  0.92436201 0.92436201
 0.92138092 0.92138092 0.92138092 0.92138092 0.92138092 0.92087123
 0.92021819 0.92016783 0.92016783 0.91669979 0.91669979 0.91669979
 0.91669979 0.91651799 0.91651799 0.91651799 0.91651799 0.91423954
 0.91364042 0.91364042 0.91348013 0.91331431 0.91282447]
32. Best individuals (target): [0.91282447 0.91331431 0.91348013 0.91364042 0.91364042 0.91423954
 0.91651799 0.91651799 0.91651799 0.91651799 0.91669979 0.91669979
 0.91669979 0.91669979 0.92016783 0.92016783 0.92021819 0.92087123
 0.92138092 0.92138092 0.92138092 0.92138092 0.92138092 0.92436201
 0.92436201 0.9244424  0.9244424  0.92481478 0.92481478 0.92849847
 0.92849847 0.92849847 0.92942211 0.92942211 0.9307733  0.93080859
 0.9316794  0.9316794  0.93285352 0.93285352 0.93285352]Mean reward: 0.9066766782821608
Sessgen: 3.935725212097168, other: 0.0, select1: 0.0019998550415039062, select2: 0.002001047134399414, select3: 0.0, fit: 0.14400124549865723, score: 0.0010018348693847656

33. Best individuals (reward): [0.93285352 0.93285352 0.93285352 0.9316794  0.9316794  0.93080859
 0.9307733  0.92942211 0.92942211 0.92849847 0.92849847 0.92849847
 0.92481478 0.92481478 0.9244424  0.9244424  0.92436201 0.92436201
 0.92138092 0.92138092 0.92138092 0.92138092 0.92138092 0.92087123
 0.92021819 0.92016783 0.92016783 0.91669979 0.91669979 0.91669979
 0.91669979 0.91669979 0.91651799 0.91651799 0.91651799 0.91651799
 0.91423954 0.91364042 0.91364042 0.91348013 0.91331431 0.91282447]
33. Best individuals (target): [0.91282447 0.91331431 0.91348013 0.91364042 0.91364042 0.91423954
 0.91651799 0.91651799 0.91651799 0.91651799 0.91669979 0.91669979
