
0. Best individuals (reward): [0.86972003 0.85119989 0.8489646  0.84747588 0.84285282 0.84180715
 0.84107553 0.83680765 0.83344269 0.83224345 0.82325166 0.82207032
 0.82114545 0.81616791 0.81366166 0.81173582 0.81063455 0.80827135
 0.8061903  0.80588993 0.80101214 0.80019895 0.79618864 0.79617649
 0.79605538 0.79578376 0.7949858  0.79453152 0.79424222 0.79220649
 0.79141173 0.78905278 0.78893186 0.78872631 0.78310627 0.78136381
 0.78072121 0.77964268 0.77717788 0.77552709]
0. Best individuals (target): [0.77552709 0.77717788 0.77964268 0.78072121 0.78136381 0.78310627
 0.78872631 0.78893186 0.78905278 0.79141173 0.79220649 0.79424222
 0.79453152 0.7949858  0.79578376 0.79605538 0.79617649 0.79618864
 0.80019895 0.80101214 0.80588993 0.8061903  0.80827135 0.81063455
 0.81173582 0.81366166 0.81616791 0.82114545 0.82207032 0.82325166
 0.83224345 0.83344269 0.83680765 0.84107553 0.84180715 0.84285282
 0.84747588 0.8489646  0.85119989 0.86972003]Mean reward: 0.7657236311340962
Sessgen: 2.0116066932678223, other: 0.0, select1: 0.03538084030151367, select2: 0.0, select3: 0.0, fit: 0.3794989585876465, score: 0.0010514259338378906

1. Best individuals (reward): [0.89368607 0.88474537 0.88387536 0.86972003 0.85778768 0.85119989
 0.84936092 0.8489646  0.8475587  0.84747588 0.84437182 0.84285282
 0.84263476 0.84180715 0.84164965 0.84135211 0.84107553 0.83953993
 0.83680765 0.8363085  0.83344269 0.83224345 0.83201465 0.83174873
 0.82930991 0.82325166 0.82207032 0.82114545 0.82016063 0.82005327
 0.8193992  0.81790231 0.81778555 0.81616791 0.81393272 0.81366166
 0.81338544 0.81201012 0.81173582 0.81063455 0.80827135 0.8061903 ]
1. Best individuals (target): [0.8061903  0.80827135 0.81063455 0.81173582 0.81201012 0.81338544
 0.81366166 0.81393272 0.81616791 0.81778555 0.81790231 0.8193992
 0.82005327 0.82016063 0.82114545 0.82207032 0.82325166 0.82930991
 0.83174873 0.83201465 0.83224345 0.83344269 0.8363085  0.83680765
 0.83953993 0.84107553 0.84135211 0.84164965 0.84180715 0.84263476
 0.84285282 0.84437182 0.84747588 0.8475587  0.8489646  0.84936092
 0.85119989 0.85778768 0.86972003 0.88387536 0.88474537 0.89368607]Mean reward: 0.8066013429401209
Sessgen: 2.0837929248809814, other: 0.0010001659393310547, select1: 0.0010154247283935547, select2: 0.0, select3: 0.0, fit: 0.09631538391113281, score: 0.0009624958038330078

2. Best individuals (reward): [0.91530076 0.89368607 0.89368181 0.88474537 0.88387536 0.86972003
 0.86812878 0.86395123 0.86369301 0.85778768 0.8547194  0.85256577
 0.85119989 0.84948257 0.84936092 0.8489646  0.8489646  0.8475587
 0.84747588 0.84484278 0.84437182 0.84285282 0.84263476 0.84180715
 0.84164965 0.84135211 0.84107553 0.83953993 0.83680765 0.83633011
 0.8363085  0.83344269 0.83317775 0.83224345 0.83201465 0.83201465
 0.83174873 0.83087786 0.82930991 0.82887879 0.82818544 0.82357068]
2. Best individuals (target): [0.82357068 0.82818544 0.82887879 0.82930991 0.83087786 0.83174873
 0.83201465 0.83201465 0.83224345 0.83317775 0.83344269 0.8363085
 0.83633011 0.83680765 0.83953993 0.84107553 0.84135211 0.84164965
 0.84180715 0.84263476 0.84285282 0.84437182 0.84484278 0.84747588
 0.8475587  0.8489646  0.8489646  0.84936092 0.84948257 0.85119989
 0.85256577 0.8547194  0.85778768 0.86369301 0.86395123 0.86812878
 0.86972003 0.88387536 0.88474537 0.89368181 0.89368607 0.91530076]Mean reward: 0.8225331281241383
Sessgen: 2.2099404335021973, other: 0.0, select1: 0.0010001659393310547, select2: 0.00099945068359375, select3: 0.0, fit: 0.07594156265258789, score: 0.0

3. Best individuals (reward): [0.91530076 0.89368607 0.89368181 0.88969473 0.88930606 0.88544172
 0.88474537 0.88387536 0.88313575 0.87770403 0.87760934 0.87150396
 0.87123434 0.86972003 0.86812878 0.86395123 0.86369301 0.86301844
 0.85974394 0.85778768 0.8547194  0.85459968 0.85256577 0.85213579
 0.85119989 0.85045477 0.84948257 0.84936092 0.84903063 0.8489646
 0.8489646  0.8475587  0.84747588 0.84616322 0.84484278 0.84437182
 0.84285282 0.84280745 0.84263476 0.84180715 0.84164965 0.84135211]
3. Best individuals (target): [0.84135211 0.84164965 0.84180715 0.84263476 0.84280745 0.84285282
 0.84437182 0.84484278 0.84616322 0.84747588 0.8475587  0.8489646
 0.8489646  0.84903063 0.84936092 0.84948257 0.85045477 0.85119989
 0.85213579 0.85256577 0.85459968 0.8547194  0.85778768 0.85974394
 0.86301844 0.86369301 0.86395123 0.86812878 0.86972003 0.87123434
 0.87150396 0.87760934 0.87770403 0.88313575 0.88387536 0.88474537
 0.88544172 0.88930606 0.88969473 0.89368181 0.89368607 0.91530076]Mean reward: 0.8383891726876788
Sessgen: 1.9930419921875, other: 0.0, select1: 0.0019845962524414062, select2: 0.0009996891021728516, select3: 0.0, fit: 0.08400225639343262, score: 0.0

4. Best individuals (reward): [0.92808767 0.92213687 0.92209214 0.91993314 0.91931628 0.91530076
 0.89627484 0.89368607 0.89368181 0.88969473 0.88930606 0.88666729
 0.88587412 0.88544172 0.88474537 0.88387536 0.88313575 0.87770403
 0.87760934 0.87150396 0.87123434 0.86972003 0.86812878 0.86737485
 0.86587039 0.86566321 0.86446794 0.86395123 0.86369301 0.86301844
 0.86269583 0.85974394 0.85778768 0.85677111 0.85576533 0.8547194
 0.85459968 0.85432781 0.85277114 0.85256577 0.85213579 0.85119989]
4. Best individuals (target): [0.85119989 0.85213579 0.85256577 0.85277114 0.85432781 0.85459968
 0.8547194  0.85576533 0.85677111 0.85778768 0.85974394 0.86269583
 0.86301844 0.86369301 0.86395123 0.86446794 0.86566321 0.86587039
 0.86737485 0.86812878 0.86972003 0.87123434 0.87150396 0.87760934
 0.87770403 0.88313575 0.88387536 0.88474537 0.88544172 0.88587412
 0.88666729 0.88930606 0.88969473 0.89368181 0.89368607 0.89627484
 0.91530076 0.91931628 0.91993314 0.92209214 0.92213687 0.92808767]Mean reward: 0.8511009171879806
Sessgen: 1.9272840023040771, other: 0.0, select1: 0.0020127296447753906, select2: 0.0, select3: 0.0010325908660888672, fit: 0.06327390670776367, score: 0.0

5. Best individuals (reward): [0.92808767 0.92643924 0.92213687 0.92209214 0.91993314 0.91931628
 0.91538429 0.91530076 0.90199628 0.89627484 0.89368607 0.89368181
 0.89139606 0.88969473 0.88930606 0.88837604 0.88666729 0.88587412
 0.88579785 0.88544172 0.88474537 0.88387536 0.88313575 0.88277761
 0.87968919 0.87770916 0.87770403 0.87760934 0.87473713 0.87471323
 0.87269296 0.87150396 0.87131556 0.87123434 0.86972003 0.86867431
 0.86812878 0.86737485 0.86623622 0.86587039 0.86566321 0.86446794]
5. Best individuals (target): [0.86446794 0.86566321 0.86587039 0.86623622 0.86737485 0.86812878
 0.86867431 0.86972003 0.87123434 0.87131556 0.87150396 0.87269296
 0.87471323 0.87473713 0.87760934 0.87770403 0.87770916 0.87968919
 0.88277761 0.88313575 0.88387536 0.88474537 0.88544172 0.88579785
 0.88587412 0.88666729 0.88837604 0.88930606 0.88969473 0.89139606
 0.89368181 0.89368607 0.89627484 0.90199628 0.91530076 0.91538429
 0.91931628 0.91993314 0.92209214 0.92213687 0.92643924 0.92808767]Mean reward: 0.8613902085401264
Sessgen: 1.9584465026855469, other: 0.0, select1: 0.0010416507720947266, select2: 0.00099945068359375, select3: 0.0, fit: 0.06496191024780273, score: 0.0

6. Best individuals (reward): [0.93468704 0.92808767 0.92643924 0.92447894 0.92213687 0.92209214
 0.91993314 0.91931628 0.91538429 0.91530076 0.90694601 0.90199628
 0.89627484 0.89376725 0.89368607 0.89368181 0.89139606 0.88992567
 0.88969473 0.88930606 0.88838263 0.88837604 0.88666729 0.88587412
 0.88579785 0.88567479 0.88544172 0.88474537 0.88387536 0.88362325
 0.88320147 0.88313575 0.88277761 0.88134339 0.87968919 0.87899228
 0.87836991 0.87770916 0.87770403 0.87760934 0.87704764 0.87601209]
6. Best individuals (target): [0.87601209 0.87704764 0.87760934 0.87770403 0.87770916 0.87836991
 0.87899228 0.87968919 0.88134339 0.88277761 0.88313575 0.88320147
 0.88362325 0.88387536 0.88474537 0.88544172 0.88567479 0.88579785
 0.88587412 0.88666729 0.88837604 0.88838263 0.88930606 0.88969473
 0.88992567 0.89139606 0.89368181 0.89368607 0.89376725 0.89627484
 0.90199628 0.90694601 0.91530076 0.91538429 0.91931628 0.91993314
 0.92209214 0.92213687 0.92447894 0.92643924 0.92808767 0.93468704]Mean reward: 0.8728586443549647
Sessgen: 2.138151168823242, other: 0.0010161399841308594, select1: 0.0009987354278564453, select2: 0.0, select3: 0.0, fit: 0.06196475028991699, score: 0.0

7. Best individuals (reward): [0.94363117 0.93468704 0.93175676 0.92822189 0.92808767 0.92643924
 0.92447894 0.92213687 0.92209214 0.92209177 0.91993314 0.91931628
 0.91708963 0.91538429 0.91530076 0.90719341 0.90694601 0.90199628
 0.90198794 0.89933584 0.89728543 0.89627484 0.89376725 0.89368607
 0.89368181 0.89139606 0.89027259 0.88992567 0.88969473 0.88941182
 0.88941182 0.88930606 0.8885791  0.88838263 0.88837604 0.88685202
 0.88666729 0.88587412 0.88579785 0.88567479 0.88544172 0.88483598]
7. Best individuals (target): [0.88483598 0.88544172 0.88567479 0.88579785 0.88587412 0.88666729
 0.88685202 0.88837604 0.88838263 0.8885791  0.88930606 0.88941182
 0.88941182 0.88969473 0.88992567 0.89027259 0.89139606 0.89368181
 0.89368607 0.89376725 0.89627484 0.89728543 0.89933584 0.90198794
 0.90199628 0.90694601 0.90719341 0.91530076 0.91538429 0.91708963
 0.91931628 0.91993314 0.92209177 0.92209214 0.92213687 0.92447894
 0.92643924 0.92808767 0.92822189 0.93175676 0.93468704 0.94363117]Mean reward: 0.8814252355005527
Sessgen: 1.95526123046875, other: 0.0, select1: 0.003000497817993164, select2: 0.0019998550415039062, select3: 0.0, fit: 0.08800196647644043, score: 0.0

8. Best individuals (reward): [0.95550489 0.94363117 0.93468704 0.93175676 0.92999412 0.92822189
 0.92808767 0.92643924 0.92447894 0.92213687 0.92209214 0.92209177
 0.91993314 0.91931628 0.91840842 0.91708963 0.9158103  0.91538429
 0.91530076 0.90719341 0.90710388 0.90694601 0.90437858 0.90392658
 0.90199628 0.90198794 0.90104757 0.89933584 0.89765516 0.89728543
 0.89627484 0.89497633 0.89376725 0.89368607 0.89368607 0.89368181
 0.89139606 0.89061667 0.89027259 0.89017243 0.88992567 0.88969473]
8. Best individuals (target): [0.88969473 0.88992567 0.89017243 0.89027259 0.89061667 0.89139606
 0.89368181 0.89368607 0.89368607 0.89376725 0.89497633 0.89627484
 0.89728543 0.89765516 0.89933584 0.90104757 0.90198794 0.90199628
 0.90392658 0.90437858 0.90694601 0.90710388 0.90719341 0.91530076
 0.91538429 0.9158103  0.91708963 0.91840842 0.91931628 0.91993314
 0.92209177 0.92209214 0.92213687 0.92447894 0.92643924 0.92808767
 0.92822189 0.92999412 0.93175676 0.93468704 0.94363117 0.95550489]Mean reward: 0.8893187103729869
Sessgen: 1.9874718189239502, other: 0.0, select1: 0.0010001659393310547, select2: 0.0, select3: 0.0, fit: 0.06101226806640625, score: 0.0009889602661132812

9. Best individuals (reward): [0.96893643 0.95550489 0.94363117 0.93468704 0.93188663 0.93175676
 0.92999412 0.92853468 0.92822189 0.92808767 0.92643924 0.92447894
 0.92213687 0.92211925 0.92209214 0.92209177 0.91993314 0.91931628
 0.91840842 0.91830825 0.91830825 0.91708963 0.9158103  0.91580257
 0.91538429 0.91530076 0.91464466 0.91271976 0.90719341 0.90710388
 0.90694601 0.90465305 0.90437858 0.90416414 0.90392658 0.90381506
 0.90250969 0.90209792 0.90199628 0.90198794 0.90109011 0.90104757]
9. Best individuals (target): [0.90104757 0.90109011 0.90198794 0.90199628 0.90209792 0.90250969
 0.90381506 0.90392658 0.90416414 0.90437858 0.90465305 0.90694601
 0.90710388 0.90719341 0.91271976 0.91464466 0.91530076 0.91538429
 0.91580257 0.9158103  0.91708963 0.91830825 0.91830825 0.91840842
 0.91931628 0.91993314 0.92209177 0.92209214 0.92211925 0.92213687
 0.92447894 0.92643924 0.92808767 0.92822189 0.92853468 0.92999412
 0.93175676 0.93188663 0.93468704 0.94363117 0.95550489 0.96893643]Mean reward: 0.8963970581507055
Sessgen: 2.100407361984253, other: 0.0, select1: 0.0010151863098144531, select2: 0.0, select3: 0.0010004043579101562, fit: 0.06395626068115234, score: 0.0

10. Best individuals (reward): [0.96893643 0.95550489 0.94363117 0.93468704 0.93188663 0.93175676
 0.92999412 0.92966483 0.92853468 0.92822189 0.92808767 0.92643924
 0.92447894 0.9239625  0.92320222 0.92214257 0.92213687 0.92211925
 0.92210742 0.92209214 0.92209177 0.91993314 0.91942521 0.91931628
 0.91840842 0.91830825 0.91830825 0.91708963 0.9158103  0.91580257
 0.91538429 0.91530076 0.91464466 0.91355565 0.91271976 0.91189857
 0.91085485 0.90976098 0.90741537 0.90719341 0.90719341 0.90710388]
10. Best individuals (target): [0.90710388 0.90719341 0.90719341 0.90741537 0.90976098 0.91085485
 0.91189857 0.91271976 0.91355565 0.91464466 0.91530076 0.91538429
 0.91580257 0.9158103  0.91708963 0.91830825 0.91830825 0.91840842
 0.91931628 0.91942521 0.91993314 0.92209177 0.92209214 0.92210742
 0.92211925 0.92213687 0.92214257 0.92320222 0.9239625  0.92447894
 0.92643924 0.92808767 0.92822189 0.92853468 0.92966483 0.92999412
 0.93175676 0.93188663 0.93468704 0.94363117 0.95550489 0.96893643]Mean reward: 0.901444897730334
Sessgen: 1.9488770961761475, other: 0.0, select1: 0.0010004043579101562, select2: 0.0009996891021728516, select3: 0.0, fit: 0.0820016860961914, score: 0.0

11. Best individuals (reward): [0.96893643 0.95724408 0.95550489 0.94363117 0.93988517 0.93699582
 0.93468704 0.93188663 0.93175676 0.92999412 0.92966483 0.92853468
 0.92822189 0.92808767 0.92667034 0.92643924 0.92447894 0.9239625
 0.92320222 0.92214257 0.92213687 0.92211925 0.9221161  0.92210742
 0.92209214 0.92209214 0.92209177 0.92155524 0.92122293 0.91993314
 0.91942521 0.91931628 0.91928084 0.91840842 0.91830825 0.91830825
 0.91708963 0.9158103  0.91580257 0.91539044 0.91538429 0.91530076]
11. Best individuals (target): [0.91530076 0.91538429 0.91539044 0.91580257 0.9158103  0.91708963
 0.91830825 0.91830825 0.91840842 0.91928084 0.91931628 0.91942521
 0.91993314 0.92122293 0.92155524 0.92209177 0.92209214 0.92209214
 0.92210742 0.9221161  0.92211925 0.92213687 0.92214257 0.92320222
 0.9239625  0.92447894 0.92643924 0.92667034 0.92808767 0.92822189
 0.92853468 0.92966483 0.92999412 0.93175676 0.93188663 0.93468704
 0.93699582 0.93988517 0.94363117 0.95550489 0.95724408 0.96893643]Mean reward: 0.9083717249219415
Sessgen: 1.9978656768798828, other: 0.0, select1: 0.0010035037994384766, select2: 0.0, select3: 0.0, fit: 0.061827659606933594, score: 0.0

12. Best individuals (reward): [0.96893643 0.95724408 0.95550489 0.94363117 0.93988517 0.93699582
 0.93468704 0.93400842 0.93296638 0.93188663 0.93175676 0.92999412
 0.92982548 0.92966483 0.92926895 0.92853468 0.92822189 0.92808767
 0.92667034 0.92643924 0.92618533 0.92447894 0.9241282  0.9239625
 0.92358932 0.92320222 0.92224954 0.92214257 0.92213687 0.92211925
 0.9221161  0.92210742 0.92209214 0.92209214 0.92209177 0.92155524
 0.92122293 0.91993314 0.91975946 0.91964172 0.91942521 0.91931628]
12. Best individuals (target): [0.91931628 0.91942521 0.91964172 0.91975946 0.91993314 0.92122293
 0.92155524 0.92209177 0.92209214 0.92209214 0.92210742 0.9221161
 0.92211925 0.92213687 0.92214257 0.92224954 0.92320222 0.92358932
 0.9239625  0.9241282  0.92447894 0.92618533 0.92643924 0.92667034
 0.92808767 0.92822189 0.92853468 0.92926895 0.92966483 0.92982548
 0.92999412 0.93175676 0.93188663 0.93296638 0.93400842 0.93468704
 0.93699582 0.93988517 0.94363117 0.95550489 0.95724408 0.96893643]Mean reward: 0.9143797355585385
Sessgen: 2.1505777835845947, other: 0.0, select1: 0.002012014389038086, select2: 0.0, select3: 0.0, fit: 0.06217384338378906, score: 0.0010013580322265625

13. Best individuals (reward): [0.96893643 0.95724408 0.95550489 0.95346968 0.94904369 0.94793381
 0.94363117 0.93988517 0.93699582 0.93468704 0.93400842 0.93296638
 0.93256248 0.93210237 0.93188663 0.9318683  0.93175676 0.93052952
 0.92999412 0.92982548 0.92966483 0.92926895 0.92860668 0.92853468
 0.92822189 0.92808767 0.92667034 0.92646368 0.92643924 0.92618533
 0.92566348 0.92545351 0.92460467 0.92447894 0.9241282  0.9239625
 0.92358932 0.92352427 0.9232205  0.92320222 0.92243365 0.92242754]
13. Best individuals (target): [0.92242754 0.92243365 0.92320222 0.9232205  0.92352427 0.92358932
 0.9239625  0.9241282  0.92447894 0.92460467 0.92545351 0.92566348
 0.92618533 0.92643924 0.92646368 0.92667034 0.92808767 0.92822189
 0.92853468 0.92860668 0.92926895 0.92966483 0.92982548 0.92999412
 0.93052952 0.93175676 0.9318683  0.93188663 0.93210237 0.93256248
 0.93296638 0.93400842 0.93468704 0.93699582 0.93988517 0.94363117
 0.94793381 0.94904369 0.95346968 0.95550489 0.95724408 0.96893643]Mean reward: 0.9206387051768106
Sessgen: 2.017971992492676, other: 0.0, select1: 0.0010120868682861328, select2: 0.00099945068359375, select3: 0.0, fit: 0.08200526237487793, score: 0.0009961128234863281

14. Best individuals (reward): [0.96893643 0.95724408 0.95550489 0.95346968 0.95030433 0.94904369
 0.94820547 0.94793381 0.94363117 0.94036208 0.93988517 0.93699582
 0.93468704 0.93445574 0.93400842 0.93296638 0.93256248 0.93210237
 0.93188663 0.9318683  0.93175676 0.93088879 0.93052952 0.93048836
 0.92999412 0.92982548 0.92966483 0.92926895 0.92860668 0.92853468
 0.92822189 0.92808767 0.92667034 0.92661144 0.92646368 0.92643924
 0.92627736 0.92618533 0.92612803 0.9259245  0.92566348 0.92545351]
14. Best individuals (target): [0.92545351 0.92566348 0.9259245  0.92612803 0.92618533 0.92627736
 0.92643924 0.92646368 0.92661144 0.92667034 0.92808767 0.92822189
 0.92853468 0.92860668 0.92926895 0.92966483 0.92982548 0.92999412
 0.93048836 0.93052952 0.93088879 0.93175676 0.9318683  0.93188663
 0.93210237 0.93256248 0.93296638 0.93400842 0.93445574 0.93468704
 0.93699582 0.93988517 0.94036208 0.94363117 0.94793381 0.94820547
 0.94904369 0.95030433 0.95346968 0.95550489 0.95724408 0.96893643]Mean reward: 0.9226048573116274
Sessgen: 1.9627795219421387, other: 0.0, select1: 0.0010006427764892578, select2: 0.0010004043579101562, select3: 0.0, fit: 0.0639641284942627, score: 0.0

15. Best individuals (reward): [0.97337388 0.96893643 0.96800829 0.96445173 0.96261279 0.95724408
 0.95564241 0.95550489 0.95346968 0.95173003 0.95030433 0.94904369
 0.94820547 0.94793381 0.94363117 0.94146551 0.94036208 0.93988517
 0.93937652 0.93699582 0.93468704 0.93445574 0.93400842 0.93361089
 0.93324181 0.93324181 0.93296638 0.93256248 0.93215343 0.93210237
 0.93188663 0.93188663 0.9318683  0.93175676 0.93105065 0.93088879
 0.93052952 0.93048836 0.93048836 0.93048836 0.93045306 0.93044021]
15. Best individuals (target): [0.93044021 0.93045306 0.93048836 0.93048836 0.93048836 0.93052952
 0.93088879 0.93105065 0.93175676 0.9318683  0.93188663 0.93188663
 0.93210237 0.93215343 0.93256248 0.93296638 0.93324181 0.93324181
 0.93361089 0.93400842 0.93445574 0.93468704 0.93699582 0.93937652
 0.93988517 0.94036208 0.94146551 0.94363117 0.94793381 0.94820547
 0.94904369 0.95030433 0.95173003 0.95346968 0.95550489 0.95564241
 0.95724408 0.96261279 0.96445173 0.96800829 0.96893643 0.97337388]Mean reward: 0.9302608937653831
Sessgen: 2.153536796569824, other: 0.0, select1: 0.0009999275207519531, select2: 0.0009996891021728516, select3: 0.0, fit: 0.06699895858764648, score: 0.0

16. Best individuals (reward): [0.97337388 0.96893643 0.96800829 0.96445173 0.96261279 0.9604461
 0.95944082 0.95944082 0.95724408 0.95564241 0.95550489 0.95346968
 0.95299207 0.95173003 0.95173003 0.95030433 0.94904369 0.94820547
 0.94807468 0.94793381 0.94547247 0.94363117 0.94313383 0.94239095
 0.94146551 0.94036208 0.93988517 0.93937652 0.93699582 0.93531052
 0.93480303 0.93468704 0.93457104 0.93445574 0.93429446 0.93418522
 0.93400842 0.93397361 0.93374006 0.93361089 0.93337859 0.93324181]
16. Best individuals (target): [0.93324181 0.93337859 0.93361089 0.93374006 0.93397361 0.93400842
 0.93418522 0.93429446 0.93445574 0.93457104 0.93468704 0.93480303
 0.93531052 0.93699582 0.93937652 0.93988517 0.94036208 0.94146551
 0.94239095 0.94313383 0.94363117 0.94547247 0.94793381 0.94807468
 0.94820547 0.94904369 0.95030433 0.95173003 0.95173003 0.95299207
 0.95346968 0.95550489 0.95564241 0.95724408 0.95944082 0.95944082
 0.9604461  0.96261279 0.96445173 0.96800829 0.96893643 0.97337388]Mean reward: 0.9339141426626586
Sessgen: 1.9286658763885498, other: 0.0009570121765136719, select1: 0.001001119613647461, select2: 0.001041412353515625, select3: 0.0, fit: 0.06431078910827637, score: 0.001001119613647461

17. Best individuals (reward): [0.97337388 0.96893643 0.96800829 0.96445173 0.96261279 0.9604461
 0.95944082 0.95944082 0.95724408 0.95626335 0.9561399  0.95564241
 0.95550489 0.95500788 0.95346968 0.95333826 0.95299207 0.95173003
 0.95173003 0.95173003 0.95173003 0.95091874 0.95030433 0.94904369
 0.94864676 0.94837644 0.94837644 0.9483203  0.94820547 0.94813397
 0.94807468 0.94793381 0.94547247 0.94436267 0.94363117 0.94313383
 0.94313383 0.94263556 0.94239095 0.94239095 0.94146551 0.94088434
 0.94088434]
17. Best individuals (target): [0.94088434 0.94088434 0.94146551 0.94239095 0.94239095 0.94263556
 0.94313383 0.94313383 0.94363117 0.94436267 0.94547247 0.94793381
 0.94807468 0.94813397 0.94820547 0.9483203  0.94837644 0.94837644
 0.94864676 0.94904369 0.95030433 0.95091874 0.95173003 0.95173003
 0.95173003 0.95173003 0.95299207 0.95333826 0.95346968 0.95500788
 0.95550489 0.95564241 0.9561399  0.95626335 0.95724408 0.95944082
 0.95944082 0.9604461  0.96261279 0.96445173 0.96800829 0.96893643
 0.97337388]Mean reward: 0.9399526293330283
Sessgen: 2.453951358795166, other: 0.0, select1: 0.0010001659393310547, select2: 0.001005411148071289, select3: 0.0, fit: 0.06595206260681152, score: 0.0

18. Best individuals (reward): [0.97337388 0.96893643 0.96800829 0.96445173 0.9630289  0.9630289
 0.96261279 0.9604461  0.95990366 0.95944082 0.95944082 0.95724408
 0.95724408 0.95626335 0.9561399  0.95564241 0.95550489 0.95500788
 0.95346968 0.95333826 0.95323113 0.95323113 0.95299207 0.95299207
 0.95248087 0.95173003 0.95173003 0.95173003 0.95173003 0.95173003
 0.95091874 0.95039442 0.95030433 0.94904369 0.94864676 0.94837644
 0.94837644 0.9483203  0.94820547 0.94813397 0.94807468 0.94793381]
18. Best individuals (target): [0.94793381 0.94807468 0.94813397 0.94820547 0.9483203  0.94837644
 0.94837644 0.94864676 0.94904369 0.95030433 0.95039442 0.95091874
 0.95173003 0.95173003 0.95173003 0.95173003 0.95173003 0.95248087
 0.95299207 0.95299207 0.95323113 0.95323113 0.95333826 0.95346968
 0.95500788 0.95550489 0.95564241 0.9561399  0.95626335 0.95724408
 0.95724408 0.95944082 0.95944082 0.95990366 0.9604461  0.96261279
 0.9630289  0.9630289  0.96445173 0.96800829 0.96893643 0.97337388]Mean reward: 0.9422204810326626
Sessgen: 2.44534969329834, other: 0.0010013580322265625, select1: 0.001001119613647461, select2: 0.000997304916381836, select3: 0.0, fit: 0.07256078720092773, score: 0.0010004043579101562

19. Best individuals (reward): [0.97337388 0.96893643 0.96800829 0.96445173 0.9630289  0.9630289
 0.96261279 0.96106565 0.9604461  0.9604461  0.95990366 0.95990366
 0.95944082 0.95944082 0.95757871 0.95724408 0.95724408 0.95626335
 0.9561399  0.95565927 0.95564241 0.95564241 0.95550489 0.95500788
 0.95446235 0.95446235 0.95360604 0.95360604 0.95346968 0.95333826
 0.95323113 0.95323113 0.95313738 0.95299207 0.95299207 0.95299207
 0.95248087 0.95175199 0.95173003 0.95173003 0.95173003]
19. Best individuals (target): [0.95173003 0.95173003 0.95173003 0.95175199 0.95248087 0.95299207
 0.95299207 0.95299207 0.95313738 0.95323113 0.95323113 0.95333826
 0.95346968 0.95360604 0.95360604 0.95446235 0.95446235 0.95500788
 0.95550489 0.95564241 0.95564241 0.95565927 0.9561399  0.95626335
 0.95724408 0.95724408 0.95757871 0.95944082 0.95944082 0.95990366
 0.95990366 0.9604461  0.9604461  0.96106565 0.96261279 0.9630289
 0.9630289  0.96445173 0.96800829 0.96893643 0.97337388]Mean reward: 0.9463199016975021
Sessgen: 2.3692376613616943, other: 0.0, select1: 0.0009996891021728516, select2: 0.0009999275207519531, select3: 0.0, fit: 0.06797504425048828, score: 0.0

20. Best individuals (reward): [0.97337388 0.97235043 0.96893643 0.96800829 0.96800829 0.96471716
 0.96462885 0.96445173 0.96377151 0.9630289  0.9630289  0.9630289
 0.96261279 0.96120609 0.96106565 0.9604461  0.9604461  0.95990366
 0.95990366 0.95944082 0.95944082 0.95757871 0.95724408 0.95724408
 0.95724408 0.95720289 0.95640923 0.95640923 0.95626335 0.9561399
 0.9561399  0.95582558 0.95565927 0.95564241 0.95564241 0.95550489
 0.95524265 0.95524265 0.95500788 0.95470309 0.95446235]
20. Best individuals (target): [0.95446235 0.95470309 0.95500788 0.95524265 0.95524265 0.95550489
 0.95564241 0.95564241 0.95565927 0.95582558 0.9561399  0.9561399
 0.95626335 0.95640923 0.95640923 0.95720289 0.95724408 0.95724408
 0.95724408 0.95757871 0.95944082 0.95944082 0.95990366 0.95990366
 0.9604461  0.9604461  0.96106565 0.96120609 0.96261279 0.9630289
 0.9630289  0.9630289  0.96377151 0.96445173 0.96462885 0.96471716
 0.96800829 0.96800829 0.96893643 0.97235043 0.97337388]Mean reward: 0.9546599021410194
Sessgen: 2.022144317626953, other: 0.001020193099975586, select1: 0.001976490020751953, select2: 0.0010259151458740234, select3: 0.0, fit: 0.20897364616394043, score: 0.0

21. Best individuals (reward): [0.97337388 0.97337388 0.97235043 0.96893643 0.96800829 0.96800829
 0.96800829 0.96471716 0.96462885 0.96454711 0.96445173 0.96377151
 0.9630289  0.9630289  0.9630289  0.9630289  0.9630289  0.96267649
 0.96267649 0.96267649 0.96261279 0.96120609 0.96120609 0.96106565
 0.96106565 0.96106565 0.96106565 0.9609404  0.9604461  0.9604461
 0.9604461  0.9604461  0.9604461  0.95990366 0.95990366 0.95971746
 0.95944082 0.95944082 0.95920602 0.95757871 0.95724408 0.95724408]
21. Best individuals (target): [0.95724408 0.95724408 0.95757871 0.95920602 0.95944082 0.95944082
 0.95971746 0.95990366 0.95990366 0.9604461  0.9604461  0.9604461
 0.9604461  0.9604461  0.9609404  0.96106565 0.96106565 0.96106565
 0.96106565 0.96120609 0.96120609 0.96261279 0.96267649 0.96267649
 0.96267649 0.9630289  0.9630289  0.9630289  0.9630289  0.9630289
 0.96377151 0.96445173 0.96454711 0.96462885 0.96471716 0.96800829
 0.96800829 0.96800829 0.96893643 0.97235043 0.97337388 0.97337388]Mean reward: 0.9581992243460334
Sessgen: 2.1532082557678223, other: 0.0, select1: 0.001974344253540039, select2: 0.0009887218475341797, select3: 0.0, fit: 0.06233572959899902, score: 0.0010535717010498047

22. Best individuals (reward): [0.97337388 0.97337388 0.97294401 0.97235043 0.97235043 0.96893643
 0.96800829 0.96800829 0.96800829 0.96800829 0.96800829 0.96800829
 0.96800829 0.96800829 0.96471716 0.96462885 0.96462885 0.96454711
 0.96445173 0.96377151 0.9630289  0.9630289  0.9630289  0.9630289
 0.9630289  0.9630289  0.9630289  0.9630289  0.9630289  0.96267649
 0.96267649 0.96267649 0.96267649 0.96265567 0.96265567 0.96261279
 0.96261279 0.96261279 0.96261279 0.96121962 0.96120609 0.96120609]
22. Best individuals (target): [0.96120609 0.96120609 0.96121962 0.96261279 0.96261279 0.96261279
 0.96261279 0.96265567 0.96265567 0.96267649 0.96267649 0.96267649
 0.96267649 0.9630289  0.9630289  0.9630289  0.9630289  0.9630289
 0.9630289  0.9630289  0.9630289  0.9630289  0.96377151 0.96445173
 0.96454711 0.96462885 0.96462885 0.96471716 0.96800829 0.96800829
 0.96800829 0.96800829 0.96800829 0.96800829 0.96800829 0.96800829
 0.96893643 0.97235043 0.97235043 0.97294401 0.97337388 0.97337388]Mean reward: 0.961066672113382
Sessgen: 2.027783155441284, other: 0.0, select1: 0.001996755599975586, select2: 0.0, select3: 0.0, fit: 0.06602048873901367, score: 0.0

23. Best individuals (reward): [0.99539369 0.97337388 0.97337388 0.97337388 0.97294401 0.97235043
 0.97235043 0.96893643 0.96800829 0.96800829 0.96800829 0.96800829
 0.96800829 0.96800829 0.96800829 0.96800829 0.96800829 0.96800829
 0.96800829 0.96800829 0.96800829 0.96800829 0.96800829 0.96471716
 0.96462885 0.96462885 0.96454711 0.96454711 0.96454711 0.96445173
 0.96377151 0.96359603 0.96359603 0.9630289  0.9630289  0.9630289
 0.9630289  0.9630289  0.9630289  0.9630289 ]
23. Best individuals (target): [0.9630289  0.9630289  0.9630289  0.9630289  0.9630289  0.9630289
 0.9630289  0.96359603 0.96359603 0.96377151 0.96445173 0.96454711
 0.96454711 0.96454711 0.96462885 0.96462885 0.96471716 0.96800829
 0.96800829 0.96800829 0.96800829 0.96800829 0.96800829 0.96800829
 0.96800829 0.96800829 0.96800829 0.96800829 0.96800829 0.96800829
 0.96800829 0.96800829 0.96893643 0.97235043 0.97235043 0.97294401
 0.97337388 0.97337388 0.97337388 0.99539369]Mean reward: 0.9624246478433109
Sessgen: 2.189250946044922, other: 0.0, select1: 0.0019986629486083984, select2: 0.0009982585906982422, select3: 0.0, fit: 0.07199859619140625, score: 0.0

24. Best individuals (reward): [0.99539369 0.99076596 0.97337388 0.97337388 0.97337388 0.97337388
 0.97294401 0.97235043 0.97235043 0.96893643 0.96800829 0.96800829
 0.96800829 0.96800829 0.96800829 0.96800829 0.96800829 0.96800829
 0.96800829 0.96800829 0.96800829 0.96800829 0.96800829 0.96800829
 0.96800829 0.96800829 0.96800829 0.96694949 0.96662629 0.9663928
 0.96471716 0.96462885 0.96462885 0.96454711 0.96454711 0.96454711
 0.96445173 0.96377151 0.96359603 0.96359603 0.9630289  0.9630289
 0.9630289  0.9630289 ]
24. Best individuals (target): [0.9630289  0.9630289  0.9630289  0.9630289  0.96359603 0.96359603
 0.96377151 0.96445173 0.96454711 0.96454711 0.96454711 0.96462885
 0.96462885 0.96471716 0.9663928  0.96662629 0.96694949 0.96800829
 0.96800829 0.96800829 0.96800829 0.96800829 0.96800829 0.96800829
 0.96800829 0.96800829 0.96800829 0.96800829 0.96800829 0.96800829
 0.96800829 0.96800829 0.96800829 0.96800829 0.96893643 0.97235043
 0.97235043 0.97294401 0.97337388 0.97337388 0.97337388 0.97337388
 0.99076596 0.99539369]Mean reward: 0.9630272501438835
Sessgen: 2.44657564163208, other: 0.0, select1: 0.0009996891021728516, select2: 0.0010001659393310547, select3: 0.0, fit: 0.06381416320800781, score: 0.0009984970092773438

25. Best individuals (reward): [0.99539369 0.99076596 0.97337388 0.97337388 0.97337388 0.97337388
 0.97294401 0.97294401 0.97294401 0.97235043 0.97235043 0.97014228
 0.96893643 0.96800829 0.96800829 0.96800829 0.96800829 0.96800829
 0.96800829 0.96800829 0.96800829 0.96800829 0.96800829 0.96800829
 0.96800829 0.96800829 0.96800829 0.96800829 0.96800829 0.96800829
 0.96800829 0.96800829 0.96800829 0.96694949 0.96662629 0.9663928
 0.96471716 0.96462885 0.96462885 0.96454711]
25. Best individuals (target): [0.96454711 0.96462885 0.96462885 0.96471716 0.9663928  0.96662629
 0.96694949 0.96800829 0.96800829 0.96800829 0.96800829 0.96800829
 0.96800829 0.96800829 0.96800829 0.96800829 0.96800829 0.96800829
 0.96800829 0.96800829 0.96800829 0.96800829 0.96800829 0.96800829
 0.96800829 0.96800829 0.96800829 0.96893643 0.97014228 0.97235043
 0.97235043 0.97294401 0.97294401 0.97294401 0.97337388 0.97337388
 0.97337388 0.97337388 0.99076596 0.99539369]Mean reward: 0.9643996572929179
Sessgen: 2.0707733631134033, other: 0.0, select1: 0.0009636878967285156, select2: 0.0010025501251220703, select3: 0.0, fit: 0.07575321197509766, score: 0.0

26. Best individuals (reward): [0.99539369 0.99539369 0.99076596 0.97337388 0.97337388 0.97337388
 0.97337388 0.97337388 0.97337388 0.97337388 0.97337388 0.97337388
 0.97294401 0.97294401 0.97294401 0.97294401 0.97235043 0.97235043
 0.97014228 0.97014228 0.96893643 0.96800829 0.96800829 0.96800829
 0.96800829 0.96800829 0.96800829 0.96800829 0.96800829 0.96800829
 0.96800829 0.96800829 0.96800829 0.96800829 0.96800829 0.96800829
 0.96800829 0.96800829 0.96800829 0.96800829]
26. Best individuals (target): [0.96800829 0.96800829 0.96800829 0.96800829 0.96800829 0.96800829
 0.96800829 0.96800829 0.96800829 0.96800829 0.96800829 0.96800829
 0.96800829 0.96800829 0.96800829 0.96800829 0.96800829 0.96800829
 0.96800829 0.96893643 0.97014228 0.97014228 0.97235043 0.97235043
 0.97294401 0.97294401 0.97294401 0.97294401 0.97337388 0.97337388
 0.97337388 0.97337388 0.97337388 0.97337388 0.97337388 0.97337388
 0.97337388 0.99076596 0.99539369 0.99539369]Mean reward: 0.9660935247708228
Sessgen: 2.2079672813415527, other: 0.0009996891021728516, select1: 0.0010075569152832031, select2: 0.0009920597076416016, select3: 0.0, fit: 0.06415772438049316, score: 0.0

27. Best individuals (reward): [0.99539369 0.99539369 0.99076596 0.97337388 0.97337388 0.97337388
 0.97337388 0.97337388 0.97337388 0.97337388 0.97337388 0.97337388
 0.97337388 0.97337388 0.97337388 0.97294401 0.97294401 0.97294401
 0.97294401 0.97294401 0.97294401 0.97235043 0.97235043 0.97014228
 0.97014228 0.97014228 0.96893643 0.96800829 0.96800829 0.96800829
 0.96800829 0.96800829 0.96800829 0.96800829 0.96800829 0.96800829
 0.96800829 0.96800829 0.96800829 0.96800829]
27. Best individuals (target): [0.96800829 0.96800829 0.96800829 0.96800829 0.96800829 0.96800829
 0.96800829 0.96800829 0.96800829 0.96800829 0.96800829 0.96800829
 0.96800829 0.96893643 0.97014228 0.97014228 0.97014228 0.97235043
 0.97235043 0.97294401 0.97294401 0.97294401 0.97294401 0.97294401
 0.97294401 0.97337388 0.97337388 0.97337388 0.97337388 0.97337388
 0.97337388 0.97337388 0.97337388 0.97337388 0.97337388 0.97337388
 0.97337388 0.99076596 0.99539369 0.99539369]Mean reward: 0.9664773175774808
Sessgen: 2.622870683670044, other: 0.0, select1: 0.001993894577026367, select2: 0.0, select3: 0.0, fit: 0.06369924545288086, score: 0.0

28. Best individuals (reward): [0.99539369 0.99539369 0.99076596 0.9840173  0.97604562 0.97337388
 0.97337388 0.97337388 0.97337388 0.97337388 0.97337388 0.97337388
 0.97337388 0.97337388 0.97337388 0.97337388 0.97337388 0.97337388
 0.97337388 0.97294401 0.97294401 0.97294401 0.97294401 0.97294401
 0.97294401 0.97294401 0.97294401 0.97294401 0.97294401 0.97235043
 0.97235043 0.97235043 0.97014228 0.97014228 0.97014228 0.97014228
 0.97014228 0.97014228 0.96893643 0.96800829 0.96800829 0.96800829
 0.96800829 0.96800829 0.96800829]
28. Best individuals (target): [0.96800829 0.96800829 0.96800829 0.96800829 0.96800829 0.96800829
 0.96893643 0.97014228 0.97014228 0.97014228 0.97014228 0.97014228
 0.97014228 0.97235043 0.97235043 0.97235043 0.97294401 0.97294401
 0.97294401 0.97294401 0.97294401 0.97294401 0.97294401 0.97294401
 0.97294401 0.97294401 0.97337388 0.97337388 0.97337388 0.97337388
 0.97337388 0.97337388 0.97337388 0.97337388 0.97337388 0.97337388
 0.97337388 0.97337388 0.97337388 0.97337388 0.97604562 0.9840173
 0.99076596 0.99539369 0.99539369]Mean reward: 0.9678067854285007
Sessgen: 2.508455753326416, other: 0.0, select1: 0.0019979476928710938, select2: 0.0010008811950683594, select3: 0.0, fit: 0.16059112548828125, score: 0.0

29. Best individuals (reward): [0.99539369 0.99539369 0.99076596 0.9840173  0.97604562 0.97337388
 0.97337388 0.97337388 0.97337388 0.97337388 0.97337388 0.97337388
 0.97337388 0.97337388 0.97337388 0.97337388 0.97337388 0.97337388
 0.97337388 0.97337388 0.97337388 0.97337388 0.97294401 0.97294401
 0.97294401 0.97294401 0.97294401 0.97294401 0.97294401 0.97294401
 0.97294401 0.97294401 0.97294401 0.97235043 0.97235043 0.97235043
 0.97014228 0.97014228 0.97014228 0.97014228]
29. Best individuals (target): [0.97014228 0.97014228 0.97014228 0.97014228 0.97235043 0.97235043
 0.97235043 0.97294401 0.97294401 0.97294401 0.97294401 0.97294401
 0.97294401 0.97294401 0.97294401 0.97294401 0.97294401 0.97294401
 0.97337388 0.97337388 0.97337388 0.97337388 0.97337388 0.97337388
 0.97337388 0.97337388 0.97337388 0.97337388 0.97337388 0.97337388
 0.97337388 0.97337388 0.97337388 0.97337388 0.97337388 0.97604562
 0.9840173  0.99076596 0.99539369 0.99539369]Mean reward: 0.9684246269565461
Sessgen: 2.8898069858551025, other: 0.0, select1: 0.0019996166229248047, select2: 0.0009987354278564453, select3: 0.0, fit: 0.07700181007385254, score: 0.0009961128234863281

30. Best individuals (reward): [0.99539369 0.99539369 0.99539369 0.99539369 0.99076596 0.9840173
 0.9840173  0.97604562 0.97337388 0.97337388 0.97337388 0.97337388
 0.97337388 0.97337388 0.97337388 0.97337388 0.97337388 0.97337388
 0.97337388 0.97337388 0.97337388 0.97337388 0.97337388 0.97337388
 0.97337388 0.97337388 0.97337388 0.97337388 0.97337388 0.97337388
 0.97294401 0.97294401 0.97294401 0.97294401 0.97294401 0.97294401
 0.97294401 0.97294401 0.97294401 0.97294401]
30. Best individuals (target): [0.97294401 0.97294401 0.97294401 0.97294401 0.97294401 0.97294401
 0.97294401 0.97294401 0.97294401 0.97294401 0.97337388 0.97337388
 0.97337388 0.97337388 0.97337388 0.97337388 0.97337388 0.97337388
 0.97337388 0.97337388 0.97337388 0.97337388 0.97337388 0.97337388
 0.97337388 0.97337388 0.97337388 0.97337388 0.97337388 0.97337388
 0.97337388 0.97337388 0.97604562 0.9840173  0.9840173  0.99076596
 0.99539369 0.99539369 0.99539369 0.99539369]Mean reward: 0.9700269037226458
Sessgen: 3.0765838623046875, other: 0.0, select1: 0.002000093460083008, select2: 0.0009996891021728516, select3: 0.0, fit: 0.06899881362915039, score: 0.0

31. Best individuals (reward): [0.99539369 0.99539369 0.99539369 0.99539369 0.99076596 0.9840173
 0.9840173  0.97604562 0.97337388 0.97337388 0.97337388 0.97337388
 0.97337388 0.97337388 0.97337388 0.97337388 0.97337388 0.97337388
 0.97337388 0.97337388 0.97337388 0.97337388 0.97337388 0.97337388
 0.97337388 0.97337388 0.97337388 0.97337388 0.97337388 0.97337388
 0.97337388 0.97294401 0.97294401 0.97294401 0.97294401 0.97294401
 0.97294401 0.97294401 0.97294401 0.97294401]
31. Best individuals (target): [0.97294401 0.97294401 0.97294401 0.97294401 0.97294401 0.97294401
 0.97294401 0.97294401 0.97294401 0.97337388 0.97337388 0.97337388
 0.97337388 0.97337388 0.97337388 0.97337388 0.97337388 0.97337388
 0.97337388 0.97337388 0.97337388 0.97337388 0.97337388 0.97337388
 0.97337388 0.97337388 0.97337388 0.97337388 0.97337388 0.97337388
 0.97337388 0.97337388 0.97604562 0.9840173  0.9840173  0.99076596
 0.99539369 0.99539369 0.99539369 0.99539369]Mean reward: 0.969214612611563
Sessgen: 2.6465702056884766, other: 0.0, select1: 0.001007080078125, select2: 0.00099945068359375, select3: 0.0, fit: 0.06799030303955078, score: 0.0009698867797851562

32. Best individuals (reward): [0.99539369 0.99539369 0.99539369 0.99539369 0.99076596 0.9840173
 0.9840173  0.97604562 0.97337388 0.97337388 0.97337388 0.97337388
 0.97337388 0.97337388 0.97337388 0.97337388 0.97337388 0.97337388
 0.97337388 0.97337388 0.97337388 0.97337388 0.97337388 0.97337388
 0.97337388 0.97337388 0.97337388 0.97337388 0.97337388 0.97337388
 0.97337388 0.97337388 0.97337388 0.97337388 0.97294401 0.97294401
 0.97294401 0.97294401 0.97294401 0.97294401]
32. Best individuals (target): [0.97294401 0.97294401 0.97294401 0.97294401 0.97294401 0.97294401
 0.97337388 0.97337388 0.97337388 0.97337388 0.97337388 0.97337388
 0.97337388 0.97337388 0.97337388 0.97337388 0.97337388 0.97337388
 0.97337388 0.97337388 0.97337388 0.97337388 0.97337388 0.97337388
 0.97337388 0.97337388 0.97337388 0.97337388 0.97337388 0.97337388
 0.97337388 0.97337388 0.97604562 0.9840173  0.9840173  0.99076596
 0.99539369 0.99539369 0.99539369 0.99539369]Mean reward: 0.970160568995189
Sessgen: 2.865255117416382, other: 0.0009970664978027344, select1: 0.0010416507720947266, select2: 0.0009560585021972656, select3: 0.0, fit: 0.0781092643737793, score: 0.0010006427764892578

33. Best individuals (reward): [0.99539369 0.99539369 0.99539369 0.99539369 0.99539369 0.99539369
 0.99076596 0.9840173  0.9840173  0.9840173  0.97604562 0.97604562
 0.97337388 0.97337388 0.97337388 0.97337388 0.97337388 0.97337388
 0.97337388 0.97337388 0.97337388 0.97337388 0.97337388 0.97337388
 0.97337388 0.97337388 0.97337388 0.97337388 0.97337388 0.97337388
 0.97337388 0.97337388 0.97337388 0.97337388 0.97337388 0.97337388
 0.97337388 0.97337388 0.97337388 0.97337388 0.9729916  0.97294401
 0.97294401 0.97294401]
33. Best individuals (target): [0.97294401 0.97294401 0.97294401 0.9729916  0.97337388 0.97337388
 0.97337388 0.97337388 0.97337388 0.97337388 0.97337388 0.97337388
 0.97337388 0.97337388 0.97337388 0.97337388 0.97337388 0.97337388
 0.97337388 0.97337388 0.97337388 0.97337388 0.97337388 0.97337388
 0.97337388 0.97337388 0.97337388 0.97337388 0.97337388 0.97337388
