
0. Best individuals (reward): [0.85159046 0.80032394 0.79612932 0.79448324 0.79390115 0.79087181
 0.7890256  0.78299161 0.77407248 0.76876667 0.76578014 0.75883571
 0.75788003 0.75147912 0.75048248 0.74676597 0.74437331 0.74027402
 0.73892364 0.73519397 0.73319962 0.73272079 0.73266192 0.7298395
 0.7298115  0.72687519 0.72579384 0.72445626 0.72328705 0.72239566
 0.71925556 0.71883816 0.71880832 0.71791525 0.71395105 0.71298949
 0.71297569 0.71217268 0.7107393  0.70987418]
0. Best individuals (target): [0.70987418 0.7107393  0.71217268 0.71297569 0.71298949 0.71395105
 0.71791525 0.71880832 0.71883816 0.71925556 0.72239566 0.72328705
 0.72445626 0.72579384 0.72687519 0.7298115  0.7298395  0.73266192
 0.73272079 0.73319962 0.73519397 0.73892364 0.74027402 0.74437331
 0.74676597 0.75048248 0.75147912 0.75788003 0.75883571 0.76578014
 0.76876667 0.77407248 0.78299161 0.7890256  0.79087181 0.79390115
 0.79448324 0.79612932 0.80032394 0.85159046]Mean reward: 0.7064375636958427
Sessgen: 3.3368747234344482, other: 0.001001596450805664, select1: 0.03521323204040527, select2: 0.0, select3: 0.0010254383087158203, fit: 0.6189780235290527, score: 0.0009915828704833984

1. Best individuals (reward): [0.85159046 0.80032394 0.79744047 0.79612932 0.79598673 0.79448324
 0.79414575 0.79409098 0.79390115 0.79142778 0.7912886  0.79087181
 0.7890256  0.78299161 0.7825315  0.7762869  0.77618438 0.77407248
 0.77383659 0.76976209 0.76876667 0.76578014 0.7654404  0.75883571
 0.75788003 0.75315603 0.75186139 0.75147912 0.75051021 0.75048248
 0.74989778 0.74817314 0.74676597 0.74521641 0.74501812 0.74437331
 0.7437879  0.74193856 0.74117199 0.740573   0.74027402 0.73976613]
1. Best individuals (target): [0.73976613 0.74027402 0.740573   0.74117199 0.74193856 0.7437879
 0.74437331 0.74501812 0.74521641 0.74676597 0.74817314 0.74989778
 0.75048248 0.75051021 0.75147912 0.75186139 0.75315603 0.75788003
 0.75883571 0.7654404  0.76578014 0.76876667 0.76976209 0.77383659
 0.77407248 0.77618438 0.7762869  0.7825315  0.78299161 0.7890256
 0.79087181 0.7912886  0.79142778 0.79390115 0.79409098 0.79414575
 0.79448324 0.79598673 0.79612932 0.79744047 0.80032394 0.85159046]Mean reward: 0.7384660019559395
Sessgen: 3.7166171073913574, other: 0.0, select1: 0.0019998550415039062, select2: 0.0010001659393310547, select3: 0.0, fit: 0.11900138854980469, score: 0.0

2. Best individuals (reward): [0.85159046 0.84144322 0.81988304 0.80032394 0.79744047 0.79612932
 0.79598673 0.79448324 0.79414575 0.79409098 0.79390115 0.79142778
 0.7912886  0.79087181 0.7890335  0.7890256  0.78509937 0.78456462
 0.78299161 0.7825315  0.77632012 0.7762869  0.77618438 0.77407248
 0.77383659 0.76976209 0.7692201  0.76876667 0.76578014 0.7654404
 0.76267654 0.75902381 0.75883571 0.75788003 0.75315603 0.75229138
 0.75186139 0.75147912 0.75051021 0.75048248 0.74989778 0.74817314]
2. Best individuals (target): [0.74817314 0.74989778 0.75048248 0.75051021 0.75147912 0.75186139
 0.75229138 0.75315603 0.75788003 0.75883571 0.75902381 0.76267654
 0.7654404  0.76578014 0.76876667 0.7692201  0.76976209 0.77383659
 0.77407248 0.77618438 0.7762869  0.77632012 0.7825315  0.78299161
 0.78456462 0.78509937 0.7890256  0.7890335  0.79087181 0.7912886
 0.79142778 0.79390115 0.79409098 0.79414575 0.79448324 0.79598673
 0.79612932 0.79744047 0.80032394 0.81988304 0.84144322 0.85159046]Mean reward: 0.7489847626154023
Sessgen: 4.153082609176636, other: 0.0, select1: 0.0009996891021728516, select2: 0.00099945068359375, select3: 0.0, fit: 0.10797119140625, score: 0.0

3. Best individuals (reward): [0.85159046 0.84144322 0.81988304 0.81858086 0.80032394 0.79866069
 0.79744047 0.79680073 0.79612932 0.79598673 0.79448324 0.79414575
 0.79409098 0.79390115 0.79328659 0.79267959 0.79142778 0.7912886
 0.79087181 0.7890335  0.7890256  0.78509937 0.78456462 0.78299161
 0.7825315  0.77632012 0.7762869  0.77618438 0.77451477 0.77407248
 0.77383659 0.77310889 0.76976209 0.7692201  0.76876667 0.7685073
 0.76578014 0.7654404  0.76267654 0.76136619 0.76027491 0.75902381]
3. Best individuals (target): [0.75902381 0.76027491 0.76136619 0.76267654 0.7654404  0.76578014
 0.7685073  0.76876667 0.7692201  0.76976209 0.77310889 0.77383659
 0.77407248 0.77451477 0.77618438 0.7762869  0.77632012 0.7825315
 0.78299161 0.78456462 0.78509937 0.7890256  0.7890335  0.79087181
 0.7912886  0.79142778 0.79267959 0.79328659 0.79390115 0.79409098
 0.79414575 0.79448324 0.79598673 0.79612932 0.79680073 0.79744047
 0.79866069 0.80032394 0.81858086 0.81988304 0.84144322 0.85159046]Mean reward: 0.7508229321543687
Sessgen: 3.5416061878204346, other: 0.0010006427764892578, select1: 0.0010001659393310547, select2: 0.0009996891021728516, select3: 0.0, fit: 0.1095128059387207, score: 0.0

4. Best individuals (reward): [0.85159046 0.84144322 0.83331011 0.82310524 0.81988304 0.81858086
 0.81811743 0.80032394 0.79866069 0.79744047 0.79680073 0.79635299
 0.79612932 0.79598673 0.79448324 0.79414575 0.79409098 0.79390115
 0.79328659 0.79267959 0.79142778 0.7912886  0.79087181 0.79012687
 0.7890335  0.7890256  0.78682342 0.78509937 0.78456462 0.78299161
 0.7825315  0.77632012 0.7762869  0.77618438 0.77451477 0.77407248
 0.77383659 0.77310889 0.76976209 0.7692201  0.76876667 0.76866065]
4. Best individuals (target): [0.76866065 0.76876667 0.7692201  0.76976209 0.77310889 0.77383659
 0.77407248 0.77451477 0.77618438 0.7762869  0.77632012 0.7825315
 0.78299161 0.78456462 0.78509937 0.78682342 0.7890256  0.7890335
 0.79012687 0.79087181 0.7912886  0.79142778 0.79267959 0.79328659
 0.79390115 0.79409098 0.79414575 0.79448324 0.79598673 0.79612932
 0.79635299 0.79680073 0.79744047 0.79866069 0.80032394 0.81811743
 0.81858086 0.81988304 0.82310524 0.83331011 0.84144322 0.85159046]Mean reward: 0.7553836844364018
Sessgen: 4.103224515914917, other: 0.0, select1: 0.0009999275207519531, select2: 0.0010001659393310547, select3: 0.0, fit: 0.11299896240234375, score: 0.0

5. Best individuals (reward): [0.86815884 0.85159046 0.84155384 0.84144322 0.83494121 0.83331011
 0.82310524 0.81988304 0.81858086 0.81811743 0.80032394 0.79866069
 0.79813584 0.79744047 0.79680073 0.79635299 0.79612932 0.79598673
 0.79448324 0.79414575 0.79409098 0.79390115 0.79328659 0.7931388
 0.79267959 0.79142778 0.7912886  0.79087181 0.79012687 0.7890335
 0.7890256  0.78682342 0.78509937 0.78456462 0.78299161 0.7825315
 0.77903405 0.77757333 0.77735723 0.77719456 0.77632012 0.7762869 ]
5. Best individuals (target): [0.7762869  0.77632012 0.77719456 0.77735723 0.77757333 0.77903405
 0.7825315  0.78299161 0.78456462 0.78509937 0.78682342 0.7890256
 0.7890335  0.79012687 0.79087181 0.7912886  0.79142778 0.79267959
 0.7931388  0.79328659 0.79390115 0.79409098 0.79414575 0.79448324
 0.79598673 0.79612932 0.79635299 0.79680073 0.79744047 0.79813584
 0.79866069 0.80032394 0.81811743 0.81858086 0.81988304 0.82310524
 0.83331011 0.83494121 0.84144322 0.84155384 0.85159046 0.86815884]Mean reward: 0.7664769324350835
Sessgen: 3.4436488151550293, other: 0.0, select1: 0.002007007598876953, select2: 0.000997781753540039, select3: 0.0, fit: 0.13599777221679688, score: 0.0

6. Best individuals (reward): [0.86900168 0.86815884 0.85159046 0.84155384 0.84144322 0.83494121
 0.83331011 0.82310524 0.81988304 0.81961728 0.81858086 0.81811743
 0.8114021  0.80877174 0.80059876 0.80043458 0.80032394 0.79866069
 0.79813584 0.79744047 0.79680073 0.79635299 0.79612932 0.79598673
 0.79448324 0.79414575 0.79409098 0.79390115 0.79328659 0.7931388
 0.79267959 0.79142778 0.7912886  0.79087181 0.79012687 0.7890335
 0.7890256  0.78682342 0.78509937 0.78456462 0.78299161 0.7825315 ]
6. Best individuals (target): [0.7825315  0.78299161 0.78456462 0.78509937 0.78682342 0.7890256
 0.7890335  0.79012687 0.79087181 0.7912886  0.79142778 0.79267959
 0.7931388  0.79328659 0.79390115 0.79409098 0.79414575 0.79448324
 0.79598673 0.79612932 0.79635299 0.79680073 0.79744047 0.79813584
 0.79866069 0.80032394 0.80043458 0.80059876 0.80877174 0.8114021
 0.81811743 0.81858086 0.81961728 0.81988304 0.82310524 0.83331011
 0.83494121 0.84144322 0.84155384 0.85159046 0.86815884 0.86900168]Mean reward: 0.7676374698520327
Sessgen: 4.64126443862915, other: 0.0, select1: 0.002997159957885742, select2: 0.0, select3: 0.0009992122650146484, fit: 0.1230015754699707, score: 0.0010035037994384766

7. Best individuals (reward): [0.86900168 0.86815884 0.85221511 0.85159046 0.84155384 0.84144322
 0.83494121 0.83331011 0.82310524 0.82071457 0.81988304 0.81961728
 0.81858086 0.81811743 0.81652912 0.81279779 0.8114021  0.80877174
 0.80059876 0.80043458 0.80032394 0.80010315 0.79866069 0.79813584
 0.79744047 0.797188   0.79680073 0.79635299 0.79612932 0.79598673
 0.7951418  0.79448324 0.79414575 0.79409098 0.79390115 0.79328659
 0.7931388  0.79267959 0.79142778 0.7912886  0.79087181 0.79064302]
7. Best individuals (target): [0.79064302 0.79087181 0.7912886  0.79142778 0.79267959 0.7931388
 0.79328659 0.79390115 0.79409098 0.79414575 0.79448324 0.7951418
 0.79598673 0.79612932 0.79635299 0.79680073 0.797188   0.79744047
 0.79813584 0.79866069 0.80010315 0.80032394 0.80043458 0.80059876
 0.80877174 0.8114021  0.81279779 0.81652912 0.81811743 0.81858086
 0.81961728 0.81988304 0.82071457 0.82310524 0.83331011 0.83494121
 0.84144322 0.84155384 0.85159046 0.85221511 0.86815884 0.86900168]Mean reward: 0.7747345241092145
Sessgen: 3.871217727661133, other: 0.0, select1: 0.002000093460083008, select2: 0.001001119613647461, select3: 0.0, fit: 0.11499595642089844, score: 0.0

8. Best individuals (reward): [0.86900168 0.86815884 0.85221511 0.85159046 0.84155384 0.84144322
 0.83494121 0.83331011 0.82549858 0.82310524 0.82071457 0.81988304
 0.81961728 0.81858086 0.81811743 0.81652912 0.81279779 0.8114021
 0.80877174 0.80194386 0.80132292 0.80059876 0.80043458 0.80032394
 0.80010315 0.79866069 0.79813584 0.79744047 0.797188   0.79680073
 0.79655975 0.79635299 0.79612932 0.79598673 0.79556933 0.79520598
 0.7951418  0.79448324 0.79414575 0.79409098 0.79390115 0.79328659]
8. Best individuals (target): [0.79328659 0.79390115 0.79409098 0.79414575 0.79448324 0.7951418
 0.79520598 0.79556933 0.79598673 0.79612932 0.79635299 0.79655975
 0.79680073 0.797188   0.79744047 0.79813584 0.79866069 0.80010315
 0.80032394 0.80043458 0.80059876 0.80132292 0.80194386 0.80877174
 0.8114021  0.81279779 0.81652912 0.81811743 0.81858086 0.81961728
 0.81988304 0.82071457 0.82310524 0.82549858 0.83331011 0.83494121
 0.84144322 0.84155384 0.85159046 0.85221511 0.86815884 0.86900168]Mean reward: 0.7773730663714883
Sessgen: 3.442715644836426, other: 0.0, select1: 0.0019998550415039062, select2: 0.0010001659393310547, select3: 0.0, fit: 0.13300466537475586, score: 0.0

9. Best individuals (reward): [0.86900168 0.86815884 0.85268843 0.85221511 0.85159046 0.84155384
 0.84144322 0.83494121 0.83331011 0.82997849 0.8256473  0.82549858
 0.82310524 0.82071457 0.81988304 0.81961728 0.81858086 0.81811743
 0.81652912 0.81279779 0.8114021  0.80877174 0.8068574  0.80383329
 0.80194386 0.80132292 0.80059876 0.80043458 0.80032394 0.80010315
 0.79866069 0.79813584 0.79744047 0.797188   0.79680073 0.79655975
 0.79635299 0.79612932 0.79598673 0.79556933 0.79520598 0.7951418 ]
9. Best individuals (target): [0.7951418  0.79520598 0.79556933 0.79598673 0.79612932 0.79635299
 0.79655975 0.79680073 0.797188   0.79744047 0.79813584 0.79866069
 0.80010315 0.80032394 0.80043458 0.80059876 0.80132292 0.80194386
 0.80383329 0.8068574  0.80877174 0.8114021  0.81279779 0.81652912
 0.81811743 0.81858086 0.81961728 0.81988304 0.82071457 0.82310524
 0.82549858 0.8256473  0.82997849 0.83331011 0.83494121 0.84144322
 0.84155384 0.85159046 0.85221511 0.85268843 0.86815884 0.86900168]Mean reward: 0.7766468765796326
Sessgen: 3.522554636001587, other: 0.0, select1: 0.005002498626708984, select2: 0.000993490219116211, select3: 0.0, fit: 0.1550745964050293, score: 0.0

10. Best individuals (reward): [0.86900168 0.86815884 0.85268843 0.85221511 0.85159046 0.84155384
 0.84144322 0.83494121 0.83331011 0.83117495 0.82997849 0.8256473
 0.82549858 0.82310524 0.82285421 0.82071457 0.81988304 0.81961728
 0.81858086 0.81811743 0.81652912 0.81445087 0.81279779 0.8114021
 0.80911935 0.80877174 0.80714005 0.8068574  0.80383329 0.80194386
 0.80132292 0.80059876 0.80043458 0.80032394 0.80010315 0.79866069
 0.79813584 0.79769903 0.79744047 0.797188   0.79680073 0.79655975]
10. Best individuals (target): [0.79655975 0.79680073 0.797188   0.79744047 0.79769903 0.79813584
 0.79866069 0.80010315 0.80032394 0.80043458 0.80059876 0.80132292
 0.80194386 0.80383329 0.8068574  0.80714005 0.80877174 0.80911935
 0.8114021  0.81279779 0.81445087 0.81652912 0.81811743 0.81858086
 0.81961728 0.81988304 0.82071457 0.82285421 0.82310524 0.82549858
 0.8256473  0.82997849 0.83117495 0.83331011 0.83494121 0.84144322
 0.84155384 0.85159046 0.85221511 0.85268843 0.86815884 0.86900168]Mean reward: 0.7794464115066856
Sessgen: 3.94589900970459, other: 0.0, select1: 0.002000093460083008, select2: 0.0, select3: 0.0010006427764892578, fit: 0.10900115966796875, score: 0.0010006427764892578

11. Best individuals (reward): [0.86900168 0.86815884 0.85268843 0.85221511 0.85159046 0.84155384
 0.84144322 0.83494121 0.83331011 0.83117495 0.82997849 0.8256473
 0.82549858 0.82518666 0.82310524 0.82285421 0.82071457 0.81988304
 0.81961728 0.81858086 0.81811743 0.81652912 0.81445087 0.81378875
 0.81279779 0.81147363 0.8114021  0.80911935 0.80877174 0.80714005
 0.8068574  0.80383329 0.80194386 0.80132292 0.80059876 0.80043458
 0.80032394 0.80010315 0.79866069 0.79813584 0.79769903 0.79744047]
11. Best individuals (target): [0.79744047 0.79769903 0.79813584 0.79866069 0.80010315 0.80032394
 0.80043458 0.80059876 0.80132292 0.80194386 0.80383329 0.8068574
 0.80714005 0.80877174 0.80911935 0.8114021  0.81147363 0.81279779
 0.81378875 0.81445087 0.81652912 0.81811743 0.81858086 0.81961728
 0.81988304 0.82071457 0.82285421 0.82310524 0.82518666 0.82549858
 0.8256473  0.82997849 0.83117495 0.83331011 0.83494121 0.84144322
 0.84155384 0.85159046 0.85221511 0.85268843 0.86815884 0.86900168]Mean reward: 0.7834908498871428
Sessgen: 3.823378562927246, other: 0.0, select1: 0.0020012855529785156, select2: 0.0009999275207519531, select3: 0.0, fit: 0.11400866508483887, score: 0.0

12. Best individuals (reward): [0.86900168 0.86815884 0.85268843 0.85221511 0.85159046 0.84391238
 0.84155384 0.84144322 0.83494121 0.83331011 0.83117495 0.82997849
 0.82683311 0.8256473  0.82549858 0.82518666 0.82310524 0.82285421
 0.82071457 0.81988304 0.81961728 0.81858086 0.81811743 0.81652912
 0.81614631 0.81445087 0.81378875 0.81279779 0.81270012 0.81147999
 0.81147363 0.8114021  0.80911935 0.80877174 0.8074954  0.80714005
 0.8068574  0.80383329 0.80194386 0.80132292 0.80059876 0.80043458]
12. Best individuals (target): [0.80043458 0.80059876 0.80132292 0.80194386 0.80383329 0.8068574
 0.80714005 0.8074954  0.80877174 0.80911935 0.8114021  0.81147363
 0.81147999 0.81270012 0.81279779 0.81378875 0.81445087 0.81614631
 0.81652912 0.81811743 0.81858086 0.81961728 0.81988304 0.82071457
 0.82285421 0.82310524 0.82518666 0.82549858 0.8256473  0.82683311
 0.82997849 0.83117495 0.83331011 0.83494121 0.84144322 0.84155384
 0.84391238 0.85159046 0.85221511 0.85268843 0.86815884 0.86900168]Mean reward: 0.7836356071330424
Sessgen: 3.986215114593506, other: 0.0010051727294921875, select1: 0.003995656967163086, select2: 0.0009999275207519531, select3: 0.0010001659393310547, fit: 0.12300252914428711, score: 0.0

13. Best individuals (reward): [0.86900168 0.86815884 0.85268843 0.85221511 0.85159046 0.85155133
 0.84454206 0.84391238 0.84155384 0.84144322 0.83494121 0.83331011
 0.83117495 0.82997849 0.82683311 0.8256473  0.82549858 0.82518666
 0.82310524 0.82285421 0.82071457 0.81988304 0.81961728 0.81858086
 0.81811743 0.81652912 0.81614631 0.81508416 0.81491884 0.81445087
 0.81378875 0.81279779 0.81270012 0.81147999 0.81147363 0.8114021
 0.80911935 0.80877174 0.8074954  0.80734581 0.80714005 0.8068574 ]
13. Best individuals (target): [0.8068574  0.80714005 0.80734581 0.8074954  0.80877174 0.80911935
 0.8114021  0.81147363 0.81147999 0.81270012 0.81279779 0.81378875
 0.81445087 0.81491884 0.81508416 0.81614631 0.81652912 0.81811743
 0.81858086 0.81961728 0.81988304 0.82071457 0.82285421 0.82310524
 0.82518666 0.82549858 0.8256473  0.82683311 0.82997849 0.83117495
 0.83331011 0.83494121 0.84144322 0.84155384 0.84391238 0.84454206
 0.85155133 0.85159046 0.85221511 0.85268843 0.86815884 0.86900168]Mean reward: 0.7905844944423148
Sessgen: 4.613518238067627, other: 0.0, select1: 0.0020003318786621094, select2: 0.0, select3: 0.0, fit: 0.13100457191467285, score: 0.0009996891021728516

14. Best individuals (reward): [0.86900168 0.86815884 0.85268843 0.85221511 0.8520103  0.85159046
 0.85155133 0.84454206 0.84391238 0.84155384 0.84144322 0.83524026
 0.83494121 0.83331011 0.83117495 0.82997849 0.82931847 0.82683311
 0.8256473  0.82549858 0.82518666 0.82310524 0.82285421 0.82071457
 0.81988304 0.81961728 0.81858086 0.81811743 0.81652912 0.81614631
 0.81508416 0.81491884 0.81445087 0.81378875 0.81279779 0.81270012
 0.81147999 0.81147363 0.8114021  0.80911935 0.80877174 0.8074954 ]
14. Best individuals (target): [0.8074954  0.80877174 0.80911935 0.8114021  0.81147363 0.81147999
 0.81270012 0.81279779 0.81378875 0.81445087 0.81491884 0.81508416
 0.81614631 0.81652912 0.81811743 0.81858086 0.81961728 0.81988304
 0.82071457 0.82285421 0.82310524 0.82518666 0.82549858 0.8256473
 0.82683311 0.82931847 0.82997849 0.83117495 0.83331011 0.83494121
 0.83524026 0.84144322 0.84155384 0.84391238 0.84454206 0.85155133
 0.85159046 0.8520103  0.85221511 0.85268843 0.86815884 0.86900168]Mean reward: 0.7952021299966847
Sessgen: 4.331201791763306, other: 0.0009968280792236328, select1: 0.00600433349609375, select2: 0.0019958019256591797, select3: 0.0, fit: 0.23212218284606934, score: 0.0004787445068359375

15. Best individuals (reward): [0.86900168 0.86815884 0.8575083  0.85268843 0.85221511 0.8520103
 0.85159046 0.85155133 0.84454206 0.84391238 0.84155384 0.84144322
 0.84022293 0.83796176 0.83524026 0.83494121 0.83362053 0.83331011
 0.83117495 0.82997849 0.82976276 0.82931847 0.82683311 0.82631445
 0.8256473  0.82549858 0.82518666 0.82310524 0.82285421 0.82141464
 0.82071457 0.81988304 0.81961728 0.8190281  0.81858477 0.81858086
 0.81811743 0.81652912 0.81614631 0.81508416 0.81491884 0.81445087]
15. Best individuals (target): [0.81445087 0.81491884 0.81508416 0.81614631 0.81652912 0.81811743
 0.81858086 0.81858477 0.8190281  0.81961728 0.81988304 0.82071457
 0.82141464 0.82285421 0.82310524 0.82518666 0.82549858 0.8256473
 0.82631445 0.82683311 0.82931847 0.82976276 0.82997849 0.83117495
 0.83331011 0.83362053 0.83494121 0.83524026 0.83796176 0.84022293
 0.84144322 0.84155384 0.84391238 0.84454206 0.85155133 0.85159046
 0.8520103  0.85221511 0.85268843 0.8575083  0.86815884 0.86900168]Mean reward: 0.7969266802574196
Sessgen: 4.190338134765625, other: 0.0, select1: 0.0020024776458740234, select2: 0.000997304916381836, select3: 0.0, fit: 0.10200071334838867, score: 0.0

16. Best individuals (reward): [0.86900168 0.86815884 0.8575083  0.8537067  0.85268843 0.85221511
 0.8520103  0.85159046 0.85155133 0.84454206 0.84391238 0.84155384
 0.84144322 0.84022293 0.83796176 0.83524026 0.83494121 0.83362053
 0.83331011 0.83117495 0.82997849 0.82993802 0.82976276 0.82931847
 0.82683311 0.82631445 0.82584706 0.8256473  0.82549858 0.82518666
 0.82349462 0.82310524 0.82285421 0.82141464 0.82071457 0.81988304
 0.81961728 0.8190281  0.81858477 0.81858086 0.81811743 0.81735355]
16. Best individuals (target): [0.81735355 0.81811743 0.81858086 0.81858477 0.8190281  0.81961728
 0.81988304 0.82071457 0.82141464 0.82285421 0.82310524 0.82349462
 0.82518666 0.82549858 0.8256473  0.82584706 0.82631445 0.82683311
 0.82931847 0.82976276 0.82993802 0.82997849 0.83117495 0.83331011
 0.83362053 0.83494121 0.83524026 0.83796176 0.84022293 0.84144322
 0.84155384 0.84391238 0.84454206 0.85155133 0.85159046 0.8520103
 0.85221511 0.85268843 0.8537067  0.8575083  0.86815884 0.86900168]Mean reward: 0.7982621369160121
Sessgen: 4.42291784286499, other: 0.0009975433349609375, select1: 0.0029997825622558594, select2: 0.0010027885437011719, select3: 0.0, fit: 0.10900044441223145, score: 0.0009989738464355469

17. Best individuals (reward): [0.86900168 0.86815884 0.8575083  0.8537067  0.85268843 0.85221511
 0.8520103  0.85159046 0.85155133 0.84811669 0.84454206 0.84391238
 0.84155384 0.84144322 0.84022293 0.83796176 0.83524026 0.83494121
 0.83362053 0.83331011 0.83117495 0.82997849 0.82993802 0.82976276
 0.82931847 0.82763422 0.82683311 0.82631445 0.82584706 0.8256473
 0.82549858 0.82518666 0.82349462 0.82310524 0.82285421 0.82165156
 0.82141464 0.82071457 0.81988304 0.81972233 0.81961728 0.8191133 ]
17. Best individuals (target): [0.8191133  0.81961728 0.81972233 0.81988304 0.82071457 0.82141464
 0.82165156 0.82285421 0.82310524 0.82349462 0.82518666 0.82549858
 0.8256473  0.82584706 0.82631445 0.82683311 0.82763422 0.82931847
 0.82976276 0.82993802 0.82997849 0.83117495 0.83331011 0.83362053
 0.83494121 0.83524026 0.83796176 0.84022293 0.84144322 0.84155384
 0.84391238 0.84454206 0.84811669 0.85155133 0.85159046 0.8520103
 0.85221511 0.85268843 0.8537067  0.8575083  0.86815884 0.86900168]Mean reward: 0.7988263189918716
Sessgen: 4.360473394393921, other: 0.0, select1: 0.002999544143676758, select2: 0.0010004043579101562, select3: 0.0, fit: 0.10900115966796875, score: 0.0

18. Best individuals (reward): [0.86900168 0.86815884 0.8575083  0.8537067  0.85268843 0.85221511
 0.8520103  0.85159046 0.85155133 0.84811669 0.84454206 0.84395272
 0.84391238 0.84155384 0.84144322 0.84022293 0.83796176 0.83665059
 0.83524026 0.83494121 0.83362053 0.83331011 0.83117495 0.82997849
 0.82993802 0.82976276 0.82931847 0.82763422 0.82683311 0.82631445
 0.82584706 0.8256473  0.82549858 0.82518666 0.82349462 0.82310524
 0.82285421 0.82216904 0.82165156 0.82141464 0.82071457 0.81988304]
18. Best individuals (target): [0.81988304 0.82071457 0.82141464 0.82165156 0.82216904 0.82285421
 0.82310524 0.82349462 0.82518666 0.82549858 0.8256473  0.82584706
 0.82631445 0.82683311 0.82763422 0.82931847 0.82976276 0.82993802
 0.82997849 0.83117495 0.83331011 0.83362053 0.83494121 0.83524026
 0.83665059 0.83796176 0.84022293 0.84144322 0.84155384 0.84391238
 0.84395272 0.84454206 0.84811669 0.85155133 0.85159046 0.8520103
 0.85221511 0.85268843 0.8537067  0.8575083  0.86815884 0.86900168]Mean reward: 0.7983889660652825
Sessgen: 3.676180601119995, other: 0.0, select1: 0.0020329952239990234, select2: 0.0010001659393310547, select3: 0.0, fit: 0.11454248428344727, score: 0.0009992122650146484

19. Best individuals (reward): [0.86900168 0.86815884 0.8575083  0.8537067  0.85268843 0.85221511
 0.8520103  0.85159046 0.85155133 0.84811669 0.84454206 0.84395272
 0.84391238 0.84155384 0.84144322 0.84022293 0.83796176 0.83665059
 0.83524026 0.83494121 0.83362053 0.83331011 0.83117495 0.82997849
 0.82993802 0.82976276 0.82931847 0.82763422 0.82683311 0.82631445
 0.82584706 0.8256473  0.82549858 0.82518666 0.82349462 0.82310524
 0.82285421 0.82216904 0.82165156 0.82149151 0.82141464 0.82071457]
19. Best individuals (target): [0.82071457 0.82141464 0.82149151 0.82165156 0.82216904 0.82285421
 0.82310524 0.82349462 0.82518666 0.82549858 0.8256473  0.82584706
 0.82631445 0.82683311 0.82763422 0.82931847 0.82976276 0.82993802
 0.82997849 0.83117495 0.83331011 0.83362053 0.83494121 0.83524026
 0.83665059 0.83796176 0.84022293 0.84144322 0.84155384 0.84391238
 0.84395272 0.84454206 0.84811669 0.85155133 0.85159046 0.8520103
 0.85221511 0.85268843 0.8537067  0.8575083  0.86815884 0.86900168]Mean reward: 0.7997423022142901
Sessgen: 4.05711817741394, other: 0.0, select1: 0.0020058155059814453, select2: 0.0009999275207519531, select3: 0.0, fit: 0.11200118064880371, score: 0.0

20. Best individuals (reward): [0.86900168 0.86815884 0.8575083  0.8537067  0.85268843 0.85221511
 0.8520103  0.85159046 0.85155133 0.84811669 0.84676544 0.84454206
 0.84395272 0.84391238 0.84155384 0.84144322 0.84022293 0.83796176
 0.83665059 0.83524026 0.83494121 0.83362053 0.83331011 0.83117495
 0.82997849 0.82993802 0.82976276 0.82931847 0.82763422 0.82683311
 0.82631445 0.82584706 0.8256473  0.82549858 0.82534831 0.82518666
 0.82349462 0.82310524 0.82285421 0.82216904 0.82165156 0.82149151]
20. Best individuals (target): [0.82149151 0.82165156 0.82216904 0.82285421 0.82310524 0.82349462
 0.82518666 0.82534831 0.82549858 0.8256473  0.82584706 0.82631445
 0.82683311 0.82763422 0.82931847 0.82976276 0.82993802 0.82997849
 0.83117495 0.83331011 0.83362053 0.83494121 0.83524026 0.83665059
 0.83796176 0.84022293 0.84144322 0.84155384 0.84391238 0.84395272
 0.84454206 0.84676544 0.84811669 0.85155133 0.85159046 0.8520103
 0.85221511 0.85268843 0.8537067  0.8575083  0.86815884 0.86900168]Mean reward: 0.8028095309773385
Sessgen: 3.862436056137085, other: 0.0010001659393310547, select1: 0.001001596450805664, select2: 0.0009980201721191406, select3: 0.0, fit: 0.10696935653686523, score: 0.0

21. Best individuals (reward): [0.86900168 0.86815884 0.8575083  0.8537067  0.85268843 0.85221511
 0.8520103  0.85159046 0.85155133 0.84811669 0.84676544 0.84567247
 0.84454206 0.84395272 0.84391238 0.84155384 0.84144322 0.84022293
 0.83796176 0.83665059 0.83524026 0.83494121 0.83362053 0.83331011
 0.83117495 0.82997849 0.82993802 0.82976276 0.82931847 0.82763422
 0.82683311 0.82631445 0.82584706 0.8256473  0.82549858 0.82534831
 0.82518666 0.82349462 0.82310524 0.82285421 0.82216904 0.82165156]
21. Best individuals (target): [0.82165156 0.82216904 0.82285421 0.82310524 0.82349462 0.82518666
 0.82534831 0.82549858 0.8256473  0.82584706 0.82631445 0.82683311
 0.82763422 0.82931847 0.82976276 0.82993802 0.82997849 0.83117495
 0.83331011 0.83362053 0.83494121 0.83524026 0.83665059 0.83796176
 0.84022293 0.84144322 0.84155384 0.84391238 0.84395272 0.84454206
 0.84567247 0.84676544 0.84811669 0.85155133 0.85159046 0.8520103
 0.85221511 0.85268843 0.8537067  0.8575083  0.86815884 0.86900168]Mean reward: 0.7997873467871591
Sessgen: 4.565966844558716, other: 0.0010039806365966797, select1: 0.002000570297241211, select2: 0.0010018348693847656, select3: 0.0, fit: 0.10699796676635742, score: 0.0

22. Best individuals (reward): [0.86900168 0.86815884 0.85815593 0.8575083  0.8537067  0.85268843
 0.85221511 0.8520103  0.85159046 0.85155133 0.84811669 0.84676544
 0.84567247 0.84454206 0.84395272 0.84391238 0.84296777 0.84155384
 0.84144322 0.84022293 0.83875192 0.83796176 0.83665059 0.83524026
 0.83494121 0.83362053 0.83331011 0.83117495 0.82997849 0.82993802
 0.82976276 0.82975303 0.82931847 0.82924289 0.82763422 0.8274656
 0.82683311 0.82631445 0.82608738 0.82584706 0.8256473  0.82549858]
22. Best individuals (target): [0.82549858 0.8256473  0.82584706 0.82608738 0.82631445 0.82683311
 0.8274656  0.82763422 0.82924289 0.82931847 0.82975303 0.82976276
 0.82993802 0.82997849 0.83117495 0.83331011 0.83362053 0.83494121
 0.83524026 0.83665059 0.83796176 0.83875192 0.84022293 0.84144322
 0.84155384 0.84296777 0.84391238 0.84395272 0.84454206 0.84567247
 0.84676544 0.84811669 0.85155133 0.85159046 0.8520103  0.85221511
 0.85268843 0.8537067  0.8575083  0.85815593 0.86815884 0.86900168]Mean reward: 0.8100546907986041
Sessgen: 3.995300769805908, other: 0.0, select1: 0.0020003318786621094, select2: 0.0010013580322265625, select3: 0.0, fit: 0.10700201988220215, score: 0.0

23. Best individuals (reward): [0.86900168 0.86815884 0.85815593 0.8575083  0.8537067  0.85359974
 0.85276087 0.85268843 0.85221511 0.8520103  0.85159046 0.85155133
 0.84811669 0.84676544 0.84567247 0.84454206 0.84436211 0.84395272
 0.84391238 0.84296777 0.84155384 0.84144322 0.84022293 0.83901308
 0.83875192 0.8386265  0.83844498 0.83796176 0.83665059 0.83524026
 0.83494121 0.83362053 0.83331011 0.83117495 0.82997849 0.82993802
 0.82976276 0.82975303 0.82931847 0.82924289 0.82763422 0.8274656 ]
23. Best individuals (target): [0.8274656  0.82763422 0.82924289 0.82931847 0.82975303 0.82976276
 0.82993802 0.82997849 0.83117495 0.83331011 0.83362053 0.83494121
 0.83524026 0.83665059 0.83796176 0.83844498 0.8386265  0.83875192
 0.83901308 0.84022293 0.84144322 0.84155384 0.84296777 0.84391238
 0.84395272 0.84436211 0.84454206 0.84567247 0.84676544 0.84811669
 0.85155133 0.85159046 0.8520103  0.85221511 0.85268843 0.85276087
 0.85359974 0.8537067  0.8575083  0.85815593 0.86815884 0.86900168]Mean reward: 0.8123661957351384
Sessgen: 3.588733196258545, other: 0.0010013580322265625, select1: 0.0010001659393310547, select2: 0.002002239227294922, select3: 0.0, fit: 0.1085960865020752, score: 0.0

24. Best individuals (reward): [0.87256358 0.86900168 0.86815884 0.85815593 0.8575083  0.8537067
 0.85359974 0.85276087 0.85268843 0.85221511 0.8520103  0.85159046
 0.85155133 0.84811669 0.84676544 0.84567247 0.84454206 0.84436211
 0.84395272 0.84391238 0.84296777 0.84155384 0.84144322 0.84022293
 0.83901308 0.83875192 0.8386265  0.83860287 0.83844498 0.83796176
 0.83665059 0.83542515 0.83524026 0.83494121 0.83362053 0.83331011
 0.83117495 0.83087751 0.82997849 0.82993802 0.82976276 0.82975303]
24. Best individuals (target): [0.82975303 0.82976276 0.82993802 0.82997849 0.83087751 0.83117495
 0.83331011 0.83362053 0.83494121 0.83524026 0.83542515 0.83665059
 0.83796176 0.83844498 0.83860287 0.8386265  0.83875192 0.83901308
 0.84022293 0.84144322 0.84155384 0.84296777 0.84391238 0.84395272
 0.84436211 0.84454206 0.84567247 0.84676544 0.84811669 0.85155133
 0.85159046 0.8520103  0.85221511 0.85268843 0.85276087 0.85359974
 0.8537067  0.8575083  0.85815593 0.86815884 0.86900168 0.87256358]Mean reward: 0.8115200846238791
Sessgen: 3.7712836265563965, other: 0.0010056495666503906, select1: 0.003997325897216797, select2: 0.0020008087158203125, select3: 0.0, fit: 0.1230006217956543, score: 0.0

25. Best individuals (reward): [0.87480473 0.87256358 0.86900168 0.86815884 0.86560374 0.85815593
 0.8575083  0.85668842 0.8537067  0.85359974 0.85276087 0.85268843
 0.85221511 0.8520103  0.85159046 0.85155133 0.84811669 0.84676544
 0.84567247 0.84454206 0.84436211 0.84395272 0.84391238 0.84296777
 0.84155384 0.84144322 0.84022293 0.83901308 0.83875192 0.8386265
 0.83860287 0.83844498 0.83809724 0.83796176 0.83665059 0.83607934
 0.83542515 0.83524026 0.83494121 0.83362053 0.83331011 0.83141643]
25. Best individuals (target): [0.83141643 0.83331011 0.83362053 0.83494121 0.83524026 0.83542515
 0.83607934 0.83665059 0.83796176 0.83809724 0.83844498 0.83860287
 0.8386265  0.83875192 0.83901308 0.84022293 0.84144322 0.84155384
 0.84296777 0.84391238 0.84395272 0.84436211 0.84454206 0.84567247
 0.84676544 0.84811669 0.85155133 0.85159046 0.8520103  0.85221511
 0.85268843 0.85276087 0.85359974 0.8537067  0.85668842 0.8575083
 0.85815593 0.86560374 0.86815884 0.86900168 0.87256358 0.87480473]Mean reward: 0.8146175084497014
Sessgen: 3.6282730102539062, other: 0.0, select1: 0.0010004043579101562, select2: 0.0009999275207519531, select3: 0.0, fit: 0.11499667167663574, score: 0.0

26. Best individuals (reward): [0.87480473 0.87256358 0.86900168 0.86815884 0.86560374 0.85815593
 0.8575083  0.85668842 0.8537067  0.85359974 0.85276087 0.85268843
 0.85221511 0.8520103  0.85159046 0.85155133 0.84811669 0.84676544
 0.84567247 0.84454206 0.84436211 0.84395272 0.84391238 0.84296777
 0.84155384 0.84144322 0.84022293 0.83901308 0.83875192 0.8386265
 0.83860287 0.83844498 0.83809724 0.83796176 0.83665059 0.83607934
 0.83542515 0.83524026 0.83494121 0.83471443 0.83362053 0.83331011]
26. Best individuals (target): [0.83331011 0.83362053 0.83471443 0.83494121 0.83524026 0.83542515
 0.83607934 0.83665059 0.83796176 0.83809724 0.83844498 0.83860287
 0.8386265  0.83875192 0.83901308 0.84022293 0.84144322 0.84155384
 0.84296777 0.84391238 0.84395272 0.84436211 0.84454206 0.84567247
 0.84676544 0.84811669 0.85155133 0.85159046 0.8520103  0.85221511
 0.85268843 0.85276087 0.85359974 0.8537067  0.85668842 0.8575083
 0.85815593 0.86560374 0.86815884 0.86900168 0.87256358 0.87480473]Mean reward: 0.8143941215573204
Sessgen: 3.7994399070739746, other: 0.0009996891021728516, select1: 0.0010008811950683594, select2: 0.00099945068359375, select3: 0.0, fit: 0.11000204086303711, score: 0.0

27. Best individuals (reward): [0.88718992 0.87480473 0.87256358 0.8720147  0.86900168 0.86815884
 0.86560374 0.86251648 0.85815593 0.8575083  0.85668842 0.8537067
 0.85359974 0.85276087 0.85268843 0.85221511 0.8520103  0.85159046
 0.85155133 0.84811669 0.84676544 0.84567247 0.84454206 0.84436211
 0.84395272 0.84391238 0.84296777 0.84155384 0.84144322 0.84022293
 0.83901308 0.83880287 0.83875192 0.8386265  0.83860287 0.83844498
 0.83809724 0.83796176 0.83665059 0.83607934 0.83542515 0.83524026]
27. Best individuals (target): [0.83524026 0.83542515 0.83607934 0.83665059 0.83796176 0.83809724
 0.83844498 0.83860287 0.8386265  0.83875192 0.83880287 0.83901308
 0.84022293 0.84144322 0.84155384 0.84296777 0.84391238 0.84395272
 0.84436211 0.84454206 0.84567247 0.84676544 0.84811669 0.85155133
 0.85159046 0.8520103  0.85221511 0.85268843 0.85276087 0.85359974
 0.8537067  0.85668842 0.8575083  0.85815593 0.86251648 0.86560374
 0.86815884 0.86900168 0.8720147  0.87256358 0.87480473 0.88718992]Mean reward: 0.8193817002984376
Sessgen: 3.799968719482422, other: 0.0010008811950683594, select1: 0.0010001659393310547, select2: 0.0009996891021728516, select3: 0.0, fit: 0.12200379371643066, score: 0.0009996891021728516

28. Best individuals (reward): [0.88718992 0.88456236 0.87480473 0.87256358 0.8720147  0.86900168
 0.86815884 0.86560374 0.86251648 0.85815593 0.8575083  0.85668842
 0.8537067  0.85359974 0.85276087 0.85268843 0.85221511 0.8520103
 0.85159046 0.85155133 0.84811669 0.84691142 0.84676544 0.84567247
 0.84454206 0.84436211 0.84395272 0.84391238 0.84296777 0.84155384
 0.84144322 0.84022293 0.83901308 0.83880287 0.83875192 0.8386265
 0.83860287 0.83844498 0.83809724 0.83796176 0.83665059 0.83607934]
28. Best individuals (target): [0.83607934 0.83665059 0.83796176 0.83809724 0.83844498 0.83860287
 0.8386265  0.83875192 0.83880287 0.83901308 0.84022293 0.84144322
 0.84155384 0.84296777 0.84391238 0.84395272 0.84436211 0.84454206
 0.84567247 0.84676544 0.84691142 0.84811669 0.85155133 0.85159046
 0.8520103  0.85221511 0.85268843 0.85276087 0.85359974 0.8537067
 0.85668842 0.8575083  0.85815593 0.86251648 0.86560374 0.86815884
 0.86900168 0.8720147  0.87256358 0.87480473 0.88456236 0.88718992]Mean reward: 0.8184776115751213
Sessgen: 3.5966057777404785, other: 0.0, select1: 0.002000570297241211, select2: 0.0009987354278564453, select3: 0.0, fit: 0.1410055160522461, score: 0.0

29. Best individuals (reward): [0.88736062 0.88718992 0.88456236 0.87480473 0.87256358 0.8720147
 0.86900168 0.86815884 0.86560374 0.86251648 0.85815593 0.8575083
 0.85668842 0.8537067  0.85359974 0.85276087 0.85272674 0.85268843
 0.85221511 0.8520103  0.85159046 0.85155133 0.84811669 0.84691142
 0.84676544 0.84567247 0.84454206 0.84436211 0.84395272 0.84391238
 0.84336534 0.84296777 0.84155384 0.84144322 0.84022293 0.83901308
 0.83880287 0.83875192 0.8386265  0.83860287 0.83844498 0.83809724]
29. Best individuals (target): [0.83809724 0.83844498 0.83860287 0.8386265  0.83875192 0.83880287
 0.83901308 0.84022293 0.84144322 0.84155384 0.84296777 0.84336534
 0.84391238 0.84395272 0.84436211 0.84454206 0.84567247 0.84676544
 0.84691142 0.84811669 0.85155133 0.85159046 0.8520103  0.85221511
 0.85268843 0.85272674 0.85276087 0.85359974 0.8537067  0.85668842
 0.8575083  0.85815593 0.86251648 0.86560374 0.86815884 0.86900168
 0.8720147  0.87256358 0.87480473 0.88456236 0.88718992 0.88736062]Mean reward: 0.8243623025298014
Sessgen: 3.8277804851531982, other: 0.0, select1: 0.003970146179199219, select2: 0.0010323524475097656, select3: 0.0, fit: 0.12810111045837402, score: 0.0

30. Best individuals (reward): [0.88736062 0.88718992 0.88456236 0.87975749 0.87480473 0.87256358
 0.8720147  0.86900168 0.86815884 0.86678412 0.86560374 0.86251648
 0.8609572  0.85815593 0.8575083  0.85668842 0.8537067  0.85359974
 0.85276087 0.85272674 0.85268843 0.85221511 0.8520103  0.85159046
 0.85155133 0.84811669 0.84691142 0.84676544 0.84567247 0.84454206
 0.84436211 0.84395272 0.84391238 0.84336534 0.84296777 0.84155384
 0.84144322 0.84022293 0.83903856 0.83901308 0.83895896 0.83880287]
30. Best individuals (target): [0.83880287 0.83895896 0.83901308 0.83903856 0.84022293 0.84144322
 0.84155384 0.84296777 0.84336534 0.84391238 0.84395272 0.84436211
 0.84454206 0.84567247 0.84676544 0.84691142 0.84811669 0.85155133
 0.85159046 0.8520103  0.85221511 0.85268843 0.85272674 0.85276087
 0.85359974 0.8537067  0.85668842 0.8575083  0.85815593 0.8609572
 0.86251648 0.86560374 0.86678412 0.86815884 0.86900168 0.8720147
 0.87256358 0.87480473 0.87975749 0.88456236 0.88718992 0.88736062]Mean reward: 0.8256816912554723
Sessgen: 4.098217248916626, other: 0.0, select1: 0.001972675323486328, select2: 0.00099945068359375, select3: 0.0, fit: 0.1099998950958252, score: 0.0

31. Best individuals (reward): [0.88736062 0.88718992 0.88456236 0.87975749 0.87480473 0.87294905
 0.87256358 0.8720147  0.86900168 0.86815884 0.86678412 0.86560374
 0.86251648 0.8609572  0.86009026 0.85815593 0.8575083  0.85668842
 0.85616484 0.8537067  0.85359974 0.85276087 0.85272674 0.85268843
 0.85221511 0.8520103  0.85194308 0.85159046 0.85155133 0.84811669
 0.84691142 0.84676544 0.84567247 0.84454206 0.84436211 0.84395272
 0.84391238 0.84336534 0.84296777 0.84155384 0.84144322 0.84142721]
31. Best individuals (target): [0.84142721 0.84144322 0.84155384 0.84296777 0.84336534 0.84391238
 0.84395272 0.84436211 0.84454206 0.84567247 0.84676544 0.84691142
 0.84811669 0.85155133 0.85159046 0.85194308 0.8520103  0.85221511
 0.85268843 0.85272674 0.85276087 0.85359974 0.8537067  0.85616484
 0.85668842 0.8575083  0.85815593 0.86009026 0.8609572  0.86251648
 0.86560374 0.86678412 0.86815884 0.86900168 0.8720147  0.87256358
 0.87294905 0.87480473 0.87975749 0.88456236 0.88718992 0.88736062]Mean reward: 0.8289506612967332
Sessgen: 4.765115261077881, other: 0.0009999275207519531, select1: 0.002000570297241211, select2: 0.0010004043579101562, select3: 0.0, fit: 0.13499975204467773, score: 0.0

32. Best individuals (reward): [0.88736062 0.88718992 0.88456236 0.88206812 0.87975749 0.87480473
 0.87294905 0.87256358 0.8720147  0.86900168 0.8689615  0.86815884
 0.86678412 0.86618845 0.86560374 0.86251648 0.8609572  0.86009026
 0.85815593 0.8575083  0.85668842 0.85616484 0.8537067  0.85359974
 0.85276087 0.85272674 0.85268843 0.85221511 0.8520103  0.85195902
 0.85194308 0.85159046 0.85155133 0.85102213 0.84811669 0.84739645
 0.84691142 0.84676544 0.84567247 0.84454206 0.84436211 0.84395272]
32. Best individuals (target): [0.84395272 0.84436211 0.84454206 0.84567247 0.84676544 0.84691142
 0.84739645 0.84811669 0.85102213 0.85155133 0.85159046 0.85194308
 0.85195902 0.8520103  0.85221511 0.85268843 0.85272674 0.85276087
 0.85359974 0.8537067  0.85616484 0.85668842 0.8575083  0.85815593
 0.86009026 0.8609572  0.86251648 0.86560374 0.86618845 0.86678412
 0.86815884 0.8689615  0.86900168 0.8720147  0.87256358 0.87294905
 0.87480473 0.87975749 0.88206812 0.88456236 0.88718992 0.88736062]Mean reward: 0.8292648862362055
Sessgen: 4.70592474937439, other: 0.001001596450805664, select1: 0.001998424530029297, select2: 0.0, select3: 0.001001119613647461, fit: 0.13799762725830078, score: 0.0

33. Best individuals (reward): [0.88736062 0.88725418 0.88718992 0.88456236 0.88206812 0.87975749
 0.87480473 0.87294905 0.87256358 0.8720147  0.86900168 0.8689615
 0.86815884 0.86678412 0.86618845 0.86560374 0.86251648 0.8609572
 0.86009026 0.85815593 0.8575083  0.85675517 0.85668842 0.85616484
 0.85446328 0.8537067  0.85359974 0.85276087 0.85272674 0.85268843
 0.85252776 0.85221511 0.8520103  0.85195902 0.85194308 0.85159046
 0.85155133 0.85102213 0.85080463 0.84811669 0.84739645 0.84691142]
